15 0.134506 0.152086 0.179524 0.184089 0.178163 0.165687 0.16244 0.155154 0.147464 0.139959 0.139144 0.139826 0.141984 0.147283 0.147514 0.150799 0.154941 
30 0.15225 0.178539 0.230901 0.259889 0.268881 0.256708 0.245463 0.226168 0.205497 0.185492 0.175145 0.168692 0.164807 0.164792 0.161144 0.161269 0.16301 
45 0.155151 0.184292 0.247075 0.290566 0.314315 0.311711 0.30354 0.281609 0.254491 0.226131 0.208444 0.196055 0.186873 0.182045 0.17471 0.171777 0.171147 
60 0.155661 0.185708 0.253324 0.305184 0.339111 0.346069 0.344369 0.324558 0.295385 0.261992 0.238911 0.221723 0.207995 0.19887 0.188097 0.182245 0.179304 
75 0.155751 0.186062 0.255895 0.312885 0.353752 0.36843 0.373551 0.357954 0.329454 0.293506 0.266645 0.245665 0.228094 0.215174 0.201228 0.192618 0.187444 
90 0.155767 0.18615 0.25697 0.317148 0.362921 0.383573 0.394829 0.38412 0.35788 0.321168 0.291831 0.267927 0.24715 0.230902 0.214055 0.202856 0.195539 
105 0.15577 0.186172 0.257421 0.319558 0.36889 0.394192 0.410664 0.404815 0.381677 0.345457 0.31468 0.288591 0.265176 0.24603 0.226547 0.212931 0.203566 
120 0.155771 0.186178 0.257611 0.320934 0.372871 0.401849 0.422682 0.421348 0.401682 0.366808 0.335405 0.307753 0.282201 0.260549 0.238685 0.222822 0.21151 
135 0.155771 0.186179 0.257691 0.321723 0.375561 0.407488 0.431968 0.434695 0.418576 0.385609 0.354208 0.325513 0.298265 0.274464 0.250459 0.232514 0.219355 
150 0.155771 0.18618 0.257724 0.322175 0.377393 0.411707 0.439255 0.445577 0.432917 0.402197 0.371278 0.341973 0.313413 0.287784 0.261866 0.241998 0.227093 
165 0.246783 0.277277 0.342998 0.387928 0.416986 0.419476 0.416847 0.400449 0.373797 0.337874 0.305499 0.276618 0.248763 0.223149 0.198506 0.178477 0.162622 
180 0.247311 0.27886 0.351352 0.409547 0.454059 0.470781 0.479501 0.470039 0.445581 0.407651 0.370929 0.336756 0.30263 0.270089 0.238544 0.211901 0.190066 
195 0.247314 0.278885 0.351967 0.413446 0.464757 0.490511 0.508909 0.508559 0.491135 0.457111 0.420956 0.385266 0.348069 0.311222 0.274746 0.242935 0.216116 
210 0.247313 0.278885 0.352012 0.414182 0.468164 0.499116 0.524322 0.531562 0.521358 0.492992 0.45968 0.424651 0.386496 0.347252 0.307403 0.271634 0.240709 
225 0.247313 0.278885 0.352016 0.414321 0.469268 0.503031 0.532878 0.54606 0.542195 0.519618 0.490045 0.456867 0.419121 0.378853 0.336847 0.298123 0.26386 
240 0.247313 0.278885 0.352016 0.414347 0.469626 0.504834 0.537754 0.555512 0.557004 0.53979 0.514165 0.483427 0.446943 0.406626 0.363409 0.322558 0.285617 
255 0.247313 0.278885 0.352016 0.414352 0.469743 0.505667 0.540564 0.561798 0.567771 0.555354 0.53356 0.5055 0.470781 0.431098 0.387396 0.345097 0.30605 
270 0.247313 0.278885 0.352016 0.414353 0.46978 0.506053 0.542191 0.566027 0.575726 0.567546 0.549335 0.523985 0.491306 0.45272 0.409087 0.365895 0.325232 
285 0.247313 0.278885 0.352016 0.414354 0.469793 0.506231 0.543135 0.56889 0.581669 0.577217 0.562297 0.539581 0.509063 0.471879 0.428732 0.385099 0.343239 
300 0.247313 0.278885 0.352016 0.414354 0.469797 0.506314 0.543683 0.570834 0.586142 0.584963 0.573045 0.552832 0.524499 0.488906 0.446554 0.402843 0.360145 
315 0.247313 0.278885 0.352016 0.414354 0.469798 0.506352 0.544002 0.572157 0.589525 0.591217 0.582028 0.564163 0.53798 0.504082 0.462748 0.419254 0.376024 
330 0.247313 0.278885 0.352016 0.414354 0.469798 0.50637 0.544187 0.573058 0.592093 0.596296 0.589586 0.57391 0.549805 0.517649 0.477491 0.434446 0.390942 
345 0.247313 0.278885 0.352016 0.414354 0.469798 0.506378 0.544294 0.573672 0.594045 0.600438 0.59598 0.582339 0.560221 0.529813 0.490935 0.448523 0.404966 
360 0.247313 0.278885 0.352016 0.414354 0.469798 0.506382 0.544357 0.57409 0.595531 0.603828 0.601416 0.589664 0.569433 0.540748 0.503219 0.461582 0.418155 
375 0.247313 0.278885 0.352016 0.414354 0.469799 0.506384 0.544393 0.574375 0.596664 0.60661 0.606055 0.596055 0.57761 0.550607 0.514462 0.473709 0.430566 
390 0.247313 0.278885 0.352016 0.414354 0.469799 0.506385 0.544414 0.57457 0.597528 0.608897 0.610027 0.601653 0.584892 0.559519 0.52477 0.484983 0.442253 
405 0.247313 0.278885 0.352016 0.414354 0.469799 0.506385 0.544426 0.574702 0.598187 0.610779 0.613436 0.606571 0.591399 0.567594 0.534239 0.495474 0.453264 
420 0.247313 0.278885 0.352016 0.414354 0.469799 0.506385 0.544434 0.574793 0.598689 0.61233 0.616367 0.610905 0.597229 0.57493 0.542951 0.505249 0.463644 
435 0.247313 0.278885 0.352016 0.414354 0.469799 0.506385 0.544438 0.574854 0.599073 0.613609 0.618893 0.614732 0.602467 0.581608 0.55098 0.514367 0.473437 
450 0.247313 0.278885 0.352016 0.414354 0.469799 0.506385 0.54444 0.574896 0.599366 0.614664 0.621072 0.618119 0.607183 0.587702 0.558392 0.52288 0.482682 
465 0.247313 0.278885 0.352016 0.414354 0.469799 0.506385 0.544442 0.574925 0.599589 0.615535 0.622954 0.621121 0.611439 0.593272 0.565246 0.530838 0.491416 
480 0.247313 0.278885 0.352016 0.414354 0.469799 0.506385 0.544442 0.574944 0.59976 0.616254 0.62458 0.623787 0.615287 0.598374 0.571592 0.538284 0.499671 
495 0.247313 0.278885 0.352016 0.414354 0.469799 0.506385 0.544443 0.574958 0.59989 0.616848 0.625987 0.626157 0.618771 0.603056 0.577478 0.545259 0.507481 
510 0.247313 0.278885 0.352016 0.414354 0.469799 0.506385 0.544443 0.574967 0.599989 0.617338 0.627205 0.628265 0.621931 0.607358 0.582943 0.5518 0.514873 
525 0.247313 0.278885 0.352016 0.414354 0.469799 0.506385 0.544443 0.574973 0.600065 0.617744 0.628259 0.630143 0.624801 0.611317 0.588026 0.557939 0.521874 
540 0.247313 0.278885 0.352016 0.414354 0.469799 0.506385 0.544443 0.574977 0.600123 0.618078 0.629172 0.631817 0.62741 0.614966 0.592759 0.563708 0.528511 
555 0.247313 0.278885 0.352016 0.414354 0.469799 0.506385 0.544443 0.57498 0.600167 0.618355 0.629963 0.63331 0.629785 0.618334 0.597171 0.569133 0.534806 
570 0.247313 0.278885 0.352016 0.414354 0.469799 0.506385 0.544443 0.574982 0.600201 0.618583 0.630648 0.634642 0.631948 0.621445 0.601289 0.57424 0.54078 
585 0.247313 0.278885 0.352016 0.414354 0.469799 0.506385 0.544443 0.574983 0.600227 0.618772 0.631242 0.635832 0.633921 0.624323 0.605136 0.579053 0.546454 
600 0.247313 0.278885 0.352016 0.414354 0.469799 0.506385 0.544443 0.574984 0.600246 0.618928 0.631757 0.636894 0.63572 0.626986 0.608735 0.583591 0.551846 
615 0.227343 0.262448 0.348212 0.428753 0.503514 0.558574 0.613594 0.658497 0.695721 0.723753 0.743014 0.751988 0.753008 0.74465 0.724608 0.696049 0.659334 
630 0.222187 0.254489 0.33277 0.406665 0.477417 0.532184 0.588921 0.636935 0.677858 0.709613 0.731805 0.74308 0.746184 0.739696 0.721302 0.694169 0.658653 
645 0.221556 0.253046 0.327961 0.397405 0.464148 0.516417 0.572197 0.620774 0.663388 0.697474 0.721826 0.734963 0.739855 0.73504 0.718165 0.692376 0.658008 
660 0.221477 0.252773 0.326302 0.393003 0.456708 0.506431 0.560498 0.608462 0.651571 0.687011 0.712924 0.727557 0.733981 0.730664 0.715189 0.690666 0.657396 
675 0.221468 0.252722 0.325718 0.390802 0.452274 0.4998 0.55207 0.598934 0.641844 0.677957 0.704965 0.720791 0.728526 0.726548 0.712365 0.689035 0.656817 
690 0.221466 0.252712 0.325512 0.389681 0.449539 0.49524 0.545843 0.591449 0.633772 0.670092 0.697833 0.714602 0.723456 0.722677 0.709686 0.68748 0.656269 
705 0.221466 0.25271 0.325439 0.389106 0.447824 0.492027 0.541143 0.585485 0.627023 0.663233 0.691429 0.708934 0.71874 0.719034 0.707142 0.685997 0.655751 
720 0.221466 0.25271 0.325414 0.388811 0.446738 0.489728 0.537537 0.580675 0.621337 0.657225 0.685665 0.703735 0.714351 0.715604 0.704727 0.684583 0.655262 
735 0.221466 0.25271 0.325404 0.388659 0.446048 0.488065 0.534734 0.576751 0.616512 0.651944 0.680466 0.698961 0.710261 0.712373 0.702435 0.683235 0.654801 
750 0.221466 0.25271 0.325401 0.388581 0.445609 0.486855 0.532533 0.57352 0.612391 0.647284 0.675767 0.69457 0.706449 0.709328 0.700258 0.68195 0.654366 
765 0.221466 0.25271 0.3254 0.388541 0.445329 0.485971 0.530793 0.570839 0.60885 0.643155 0.671509 0.690527 0.702891 0.706459 0.698191 0.680725 0.653957 
780 0.221466 0.25271 0.3254 0.388521 0.445151 0.485324 0.529411 0.568599 0.60579 0.639486 0.667642 0.686799 0.69957 0.703752 0.696227 0.679558 0.653572 
795 0.183011 0.21377 0.285999 0.35188 0.41458 0.466248 0.525055 0.581268 0.638063 0.692809 0.739878 0.774814 0.802319 0.819404 0.821667 0.811913 0.789578 
810 0.18301 0.213765 0.2858 0.350074 0.408231 0.452359 0.501847 0.54793 0.59553 0.644005 0.689047 0.72499 0.755885 0.77834 0.787263 0.78484 0.769912 
825 0.18301 0.213765 0.285799 0.350033 0.40774 0.450033 0.495668 0.535882 0.576411 0.617968 0.658493 0.692373 0.72325 0.747724 0.760329 0.762772 0.753341 
840 0.18301 0.213765 0.285799 0.350032 0.407701 0.449628 0.493886 0.531019 0.566821 0.602859 0.639019 0.670145 0.6997 0.724514 0.739033 0.744683 0.739339 
855 0.18301 0.213765 0.285799 0.350032 0.407698 0.449557 0.493366 0.528997 0.561774 0.593621 0.626042 0.654467 0.682283 0.706629 0.722022 0.729768 0.727473 
870 0.18301 0.213765 0.285799 0.350032 0.407698 0.449545 0.493214 0.528149 0.559068 0.587805 0.617123 0.6431 0.66912 0.69263 0.708296 0.717397 0.717383 
885 0.18301 0.213765 0.285799 0.350032 0.407698 0.449542 0.49317 0.527794 0.557606 0.584088 0.610868 0.634685 0.658986 0.681515 0.69711 0.707072 0.708777 
900 0.18301 0.213765 0.285799 0.350032 0.407698 0.449542 0.493157 0.527645 0.556815 0.581695 0.606424 0.628359 0.651064 0.672574 0.687905 0.698402 0.701411 
915 0.18301 0.213765 0.285799 0.350032 0.407698 0.449542 0.493153 0.527582 0.556386 0.580147 0.603243 0.623552 0.644796 0.6653 0.680262 0.691075 0.695085 
930 0.18301 0.213765 0.285799 0.350032 0.407698 0.449542 0.493152 0.527556 0.556153 0.579144 0.600955 0.619873 0.63979 0.659324 0.673861 0.684846 0.689631 
945 0.18301 0.213765 0.285799 0.350032 0.407698 0.449542 0.493152 0.527545 0.556027 0.578494 0.599305 0.617042 0.635762 0.654374 0.66846 0.679519 0.684912 
960 0.18301 0.213765 0.285799 0.350032 0.407698 0.449542 0.493152 0.52754 0.555959 0.578072 0.598113 0.614857 0.632505 0.650246 0.663869 0.674937 0.680815 
975 0.18301 0.213765 0.285799 0.350032 0.407698 0.449542 0.493152 0.527538 0.555922 0.577799 0.59725 0.613165 0.629859 0.646783 0.659944 0.670974 0.677242 
990 0.18301 0.213765 0.285799 0.350032 0.407698 0.449542 0.493152 0.527538 0.555902 0.577621 0.596627 0.611855 0.627705 0.643866 0.656568 0.667528 0.674116 
1005 0.18301 0.213765 0.285799 0.350032 0.407698 0.449542 0.493152 0.527537 0.555891 0.577506 0.596175 0.610839 0.625946 0.6414 0.653652 0.664517 0.671371 
1020 0.18301 0.213765 0.285799 0.350032 0.407698 0.449542 0.493152 0.527537 0.555885 0.577431 0.595849 0.61005 0.624507 0.639309 0.651122 0.661875 0.66895 
1035 0.18301 0.213765 0.285799 0.350032 0.407698 0.449542 0.493152 0.527537 0.555882 0.577383 0.595612 0.609437 0.62333 0.637531 0.64892 0.659547 0.666809 
1050 0.18301 0.213765 0.285799 0.350032 0.407698 0.449542 0.493152 0.527537 0.55588 0.577351 0.595441 0.608961 0.622366 0.636018 0.646997 0.657487 0.664907 
1065 0.18301 0.213765 0.285799 0.350032 0.407698 0.449542 0.493152 0.527537 0.555879 0.577331 0.595317 0.608591 0.621575 0.634728 0.645313 0.655659 0.663213 
1080 0.18301 0.213765 0.285799 0.350032 0.407698 0.449542 0.493152 0.527537 0.555879 0.577317 0.595227 0.608304 0.620927 0.633627 0.643837 0.654032 0.661698 
1095 0.18301 0.213765 0.285799 0.350032 0.407698 0.449542 0.493152 0.527537 0.555878 0.577309 0.595162 0.60808 0.620395 0.632686 0.642539 0.652579 0.66034 
1110 0.18301 0.213765 0.285799 0.350032 0.407698 0.449542 0.493152 0.527537 0.555878 0.577303 0.595115 0.607907 0.619959 0.631882 0.641397 0.651278 0.659119 
1125 0.18301 0.213765 0.285799 0.350032 0.407698 0.449542 0.493152 0.527537 0.555878 0.5773 0.59508 0.607772 0.619601 0.631194 0.640391 0.650112 0.658017 
1140 0.18301 0.213765 0.285799 0.350032 0.407698 0.449542 0.493152 0.527537 0.555878 0.577297 0.595056 0.607667 0.619307 0.630605 0.639503 0.649064 0.657021 
1155 0.18301 0.213765 0.285799 0.350032 0.407698 0.449542 0.493152 0.527537 0.555878 0.577296 0.595038 0.607586 0.619066 0.630102 0.63872 0.648121 0.656118 
1170 0.18301 0.213765 0.285799 0.350032 0.407698 0.449542 0.493152 0.527537 0.555878 0.577295 0.595025 0.607523 0.618868 0.629671 0.638028 0.647271 0.655298 
1185 0.18301 0.213765 0.285799 0.350032 0.407698 0.449542 0.493152 0.527537 0.555878 0.577294 0.595016 0.607473 0.618705 0.629301 0.637416 0.646503 0.654551 
1200 0.18301 0.213765 0.285799 0.350032 0.407698 0.449542 0.493152 0.527537 0.555878 0.577294 0.595009 0.607435 0.618572 0.628985 0.636876 0.64581 0.65387 
1215 0.18301 0.213765 0.285799 0.350032 0.407698 0.449542 0.493152 0.527537 0.555878 0.577294 0.595004 0.607405 0.618462 0.628714 0.636397 0.645183 0.653247 
1230 0.18301 0.213765 0.285799 0.350032 0.407698 0.449542 0.493152 0.527537 0.555878 0.577293 0.595 0.607382 0.618372 0.628482 0.635974 0.644616 0.652678 
1245 0.18301 0.213765 0.285799 0.350032 0.407698 0.449542 0.493152 0.527537 0.555878 0.577293 0.594998 0.607364 0.618298 0.628284 0.635599 0.644102 0.652155 
1260 0.18301 0.213765 0.285799 0.350032 0.407698 0.449542 0.493152 0.527537 0.555878 0.577293 0.594996 0.60735 0.618238 0.628113 0.635267 0.643636 0.651676 
1275 0.18301 0.213765 0.285799 0.350032 0.407698 0.449542 0.493152 0.527537 0.555878 0.577293 0.594995 0.60734 0.618188 0.627968 0.634973 0.643214 0.651236 
1290 0.18301 0.213765 0.285799 0.350032 0.407698 0.449542 0.493152 0.527537 0.555878 0.577293 0.594994 0.607331 0.618147 0.627842 0.634713 0.64283 0.65083 
1305 0.18301 0.213765 0.285799 0.350032 0.407698 0.449542 0.493152 0.527537 0.555878 0.577293 0.594993 0.607325 0.618113 0.627735 0.634483 0.642483 0.650457 
1320 0.18301 0.213765 0.285799 0.350032 0.407698 0.449542 0.493152 0.527537 0.555878 0.577293 0.594992 0.60732 0.618086 0.627644 0.634279 0.642167 0.650113 
1335 0.18301 0.213765 0.285799 0.350032 0.407698 0.449542 0.493152 0.527537 0.555878 0.577293 0.594992 0.607316 0.618063 0.627565 0.634098 0.64188 0.649796 
1350 0.18301 0.213765 0.285799 0.350032 0.407698 0.449542 0.493152 0.527537 0.555878 0.577293 0.594992 0.607312 0.618045 0.627498 0.633938 0.64162 0.649503 
1365 0.18301 0.213765 0.285799 0.350032 0.407698 0.449542 0.493152 0.527537 0.555878 0.577293 0.594992 0.60731 0.618029 0.62744 0.633796 0.641383 0.649232 
1380 0.18301 0.213765 0.285799 0.350032 0.407698 0.449542 0.493152 0.527537 0.555878 0.577293 0.594991 0.607308 0.618017 0.627391 0.63367 0.641168 0.648982 
1395 0.18301 0.213765 0.285799 0.350032 0.407698 0.449542 0.493152 0.527537 0.555878 0.577293 0.594991 0.607307 0.618007 0.627348 0.633559 0.640972 0.648751 
1410 0.18301 0.213765 0.285799 0.350032 0.407698 0.449542 0.493152 0.527537 0.555878 0.577293 0.594991 0.607306 0.617998 0.627312 0.63346 0.640795 0.648537 
1425 0.18301 0.213765 0.285799 0.350032 0.407698 0.449542 0.493152 0.527537 0.555878 0.577293 0.594991 0.607305 0.617991 0.627281 0.633373 0.640633 0.648339 
1440 0.18301 0.213765 0.285799 0.350032 0.407698 0.449542 0.493152 0.527537 0.555878 0.577293 0.594991 0.607304 0.617986 0.627254 0.633295 0.640487 0.648156 
1455 0.18301 0.213765 0.285799 0.350032 0.407698 0.449542 0.493152 0.527537 0.555878 0.577293 0.594991 0.607304 0.617981 0.627232 0.633226 0.640353 0.647986 
1470 0.18301 0.213765 0.285799 0.350032 0.407698 0.449542 0.493152 0.527537 0.555878 0.577293 0.594991 0.607303 0.617977 0.627212 0.633166 0.640232 0.647829 
1485 0.18301 0.213765 0.285799 0.350032 0.407698 0.449542 0.493152 0.527537 0.555878 0.577293 0.594991 0.607303 0.617974 0.627195 0.633112 0.640121 0.647683 
1500 0.18301 0.213765 0.285799 0.350032 0.407698 0.449542 0.493152 0.527537 0.555878 0.577293 0.594991 0.607303 0.617971 0.627181 0.633064 0.640021 0.647548 
1515 0.18301 0.213765 0.285799 0.350032 0.407698 0.449542 0.493152 0.527537 0.555878 0.577293 0.594991 0.607302 0.617969 0.627169 0.633022 0.63993 0.647423 
1530 0.18301 0.213765 0.285799 0.350032 0.407698 0.449542 0.493152 0.527537 0.555878 0.577293 0.594991 0.607302 0.617967 0.627158 0.632984 0.639847 0.647307 
1545 0.18301 0.213765 0.285799 0.350032 0.407698 0.449542 0.493152 0.527537 0.555878 0.577293 0.594991 0.607302 0.617966 0.627149 0.632951 0.639771 0.647199 
1560 0.18301 0.213765 0.285799 0.350032 0.407698 0.449542 0.493152 0.527537 0.555878 0.577293 0.594991 0.607302 0.617965 0.627141 0.632921 0.639702 0.647099 
1575 0.18301 0.213765 0.285799 0.350032 0.407698 0.449542 0.493152 0.527537 0.555878 0.577293 0.594991 0.607302 0.617964 0.627135 0.632895 0.63964 0.647007 
1590 0.18301 0.213765 0.285799 0.350032 0.407698 0.449542 0.493152 0.527537 0.555878 0.577293 0.594991 0.607302 0.617963 0.627129 0.632872 0.639583 0.646921 
1605 0.18301 0.213765 0.285799 0.350032 0.407698 0.449542 0.493152 0.527537 0.555878 0.577293 0.594991 0.607302 0.617962 0.627124 0.632852 0.639531 0.646841 
1620 0.18301 0.213765 0.285799 0.350032 0.407698 0.449542 0.493152 0.527537 0.555878 0.577293 0.594991 0.607302 0.617962 0.62712 0.632834 0.639484 0.646767 
1635 0.18301 0.213765 0.285799 0.350032 0.407698 0.449542 0.493152 0.527537 0.555878 0.577293 0.594991 0.607302 0.617961 0.627116 0.632817 0.639442 0.646699 
1650 0.18301 0.213765 0.285799 0.350032 0.407698 0.449542 0.493152 0.527537 0.555878 0.577293 0.594991 0.607302 0.617961 0.627113 0.632803 0.639403 0.646635 
1665 0.18301 0.213765 0.285799 0.350032 0.407698 0.449542 0.493152 0.527537 0.555878 0.577293 0.594991 0.607302 0.617961 0.627111 0.632791 0.639367 0.646576 
1680 0.18301 0.213765 0.285799 0.350032 0.407698 0.449542 0.493152 0.527537 0.555878 0.577293 0.594991 0.607302 0.617961 0.627108 0.632779 0.639335 0.646521 
1695 0.18301 0.213765 0.285799 0.350032 0.407698 0.449542 0.493152 0.527537 0.555878 0.577293 0.594991 0.607302 0.61796 0.627106 0.632769 0.639306 0.64647 
1710 0.18301 0.213765 0.285799 0.350032 0.407698 0.449542 0.493152 0.527537 0.555878 0.577293 0.594991 0.607302 0.61796 0.627105 0.63276 0.639279 0.646423 
1725 0.18301 0.213765 0.285799 0.350032 0.407698 0.449542 0.493152 0.527537 0.555878 0.577293 0.594991 0.607302 0.61796 0.627103 0.632753 0.639255 0.646379 
1740 0.18301 0.213765 0.285799 0.350032 0.407698 0.449542 0.493152 0.527537 0.555878 0.577293 0.594991 0.607302 0.61796 0.627102 0.632746 0.639233 0.646338 
1755 0.18301 0.213765 0.285799 0.350032 0.407698 0.449542 0.493152 0.527537 0.555878 0.577293 0.594991 0.607302 0.61796 0.627101 0.63274 0.639213 0.6463 
1770 0.18301 0.213765 0.285799 0.350032 0.407698 0.449542 0.493152 0.527537 0.555878 0.577293 0.594991 0.607302 0.61796 0.6271 0.632734 0.639195 0.646265 
1785 0.18301 0.213765 0.285799 0.350032 0.407698 0.449542 0.493152 0.527537 0.555878 0.577293 0.594991 0.607302 0.61796 0.6271 0.632729 0.639178 0.646233 
1800 0.18301 0.213765 0.285799 0.350032 0.407698 0.449542 0.493152 0.527537 0.555878 0.577293 0.594991 0.607302 0.61796 0.627099 0.632725 0.639163 0.646203 
1815 0.0616457 0.10736 0.229598 0.35687 0.472618 0.566222 0.654559 0.724181 0.78078 0.823858 0.857503 0.880781 0.900595 0.917386 0.928264 0.939811 0.951809 
1830 0.017393 0.0506463 0.146857 0.263982 0.38245 0.489143 0.591174 0.673625 0.741546 0.794183 0.834409 0.862294 0.88586 0.90573 0.919045 0.932533 0.946057 
1845 0.00371321 0.0309763 0.108762 0.209445 0.320155 0.429529 0.53842 0.629218 0.705732 0.766356 0.812398 0.844487 0.871552 0.894342 0.909991 0.925359 0.940369 
1860 0 0.0223736 0.0893985 0.176359 0.276628 0.383235 0.494442 0.590185 0.673029 0.740258 0.791417 0.827336 0.857659 0.883215 0.901101 0.918286 0.934745 
1875 0 0 0.0595364 0.143405 0.240138 0.351839 0.477415 0.591657 0.695863 0.784546 0.852996 0.901878 0.943395 0.978554 1.00391 1.02758 1.04962 
1890 0 0 0.0404199 0.113929 0.197522 0.297517 0.416442 0.529266 0.637491 0.734035 0.810291 0.865797 0.913402 0.954033 0.983996 1.01153 1.03673 
1905 0 0 0.0311557 0.0971145 0.171336 0.261133 0.371915 0.479926 0.588247 0.689317 0.77133 0.832226 0.885064 0.930588 0.964771 0.995923 1.02412 
1920 0 0 0.0265693 0.0869511 0.15428 0.235911 0.338847 0.440636 0.546589 0.649684 0.735766 0.800982 0.858286 0.908169 0.94621 0.98074 1.01178 
1935 0 0 0.0242832 0.0806188 0.142674 0.217854 0.313851 0.409107 0.511239 0.614513 0.703282 0.771893 0.832976 0.886729 0.928289 0.96597 0.999702 
1950 0 0 0.0231413 0.076613 0.134532 0.204556 0.294623 0.383597 0.481143 0.583259 0.673591 0.744801 0.80905 0.866222 0.910984 0.951602 0.987887 
1965 0 0 0.0225706 0.0740602 0.128703 0.194527 0.279581 0.36278 0.455426 0.555445 0.646435 0.719558 0.786427 0.846607 0.894275 0.937625 0.976325 
1980 0 0 0.0222852 0.0724274 0.124475 0.186818 0.26763 0.345644 0.433367 0.530653 0.621579 0.696029 0.765031 0.827841 0.878137 0.924027 0.965012 
1995 0 0 0 0.0621755 0.124566 0.197521 0.289899 0.377266 0.475161 0.585594 0.691074 0.778876 0.861255 0.93704 0.99836 1.05449 1.10467 
2010 0 0 0 0.04822 0.110015 0.182269 0.272981 0.357385 0.451507 0.559202 0.66421 0.753015 0.837349 0.915758 0.979827 1.03871 1.09143 
2025 0 0 0 0.0392648 0.0992414 0.169951 0.258724 0.340264 0.430695 0.535375 0.639443 0.728799 0.814672 0.895357 0.961905 1.02335 1.07846 
2040 0 0 0 0.0335182 0.0912628 0.159979 0.246643 0.32543 0.41231 0.513823 0.616586 0.706112 0.793154 0.875796 0.944572 1.00838 1.06576 
2055 0 0 0 0.0298304 0.0853525 0.151892 0.236363 0.312506 0.396005 0.494287 0.595471 0.684846 0.77273 0.857037 0.927805 0.993802 1.05333 
2070 0 0 0 0.027464 0.0809738 0.145326 0.227583 0.30119 0.381489 0.476545 0.575944 0.664898 0.753338 0.839045 0.911585 0.979604 1.04115 
2085 0 0 0 0.0259454 0.0777295 0.13999 0.220064 0.29124 0.368519 0.460397 0.557868 0.646178 0.734919 0.821786 0.895894 0.965774 1.02922 
2100 0 0 0 0.024971 0.0753257 0.135651 0.213611 0.282458 0.356891 0.445673 0.541115 0.628598 0.717419 0.805225 0.880711 0.952302 1.01754 
2115 0 0 0 0 0.0598454 0.13493 0.228841 0.310616 0.397397 0.499926 0.611112 0.714295 0.820388 0.926626 1.01894 1.10718 1.188 
2130 0 0 0 0 0.0409052 0.115596 0.208715 0.289321 0.374032 0.473451 0.582127 0.684113 0.790234 0.897834 0.992278 1.08329 1.16711 
2145 0 0 0 0 0.0288238 0.10139 0.192547 0.271228 0.353593 0.449869 0.555888 0.656388 0.762138 0.870666 0.966838 1.06029 1.14684 
2160 0 0 0 0 0.0211172 0.0909514 0.179551 0.255821 0.335644 0.428786 0.532079 0.63088 0.735938 0.845017 0.942556 1.03812 1.12716 
2175 0 0 0 0 0.0162014 0.0832806 0.169101 0.242679 0.319826 0.409874 0.510421 0.607376 0.711482 0.82079 0.919371 1.01677 1.10805 
2190 0 0 0 0 0.0130657 0.0776437 0.160695 0.231453 0.305846 0.392855 0.490675 0.585686 0.688633 0.797893 0.897228 0.996198 1.08951 
2205 0 0 0 0 0.0110656 0.0735015 0.153934 0.221854 0.29346 0.377493 0.472632 0.565639 0.667267 0.776241 0.876074 0.976368 1.07151 
2220 0 0 0 0 0.00978969 0.0704575 0.148493 0.213641 0.282463 0.363591 0.456107 0.547083 0.647268 0.755756 0.855857 0.957254 1.05403 
2235 0 0 0 0 0.00897586 0.0682206 0.144116 0.206608 0.272682 0.350978 0.440941 0.529881 0.62853 0.736363 0.83653 0.938825 1.03705 
2250 0 0 0 0 0.00845671 0.0665767 0.140594 0.200583 0.263969 0.339509 0.426995 0.513911 0.610958 0.717994 0.818048 0.921053 1.02057 
2265 0 0 0 0 0.00812556 0.0653687 0.137759 0.19542 0.256198 0.329058 0.414145 0.499063 0.594464 0.700584 0.800368 0.903913 1.00456 
2280 0 0 0 0 0.00791432 0.0644811 0.135478 0.190995 0.249259 0.319519 0.402284 0.485238 0.578966 0.684074 0.783449 0.887379 0.989008 
2295 0 0 0 0 0 0.0536206 0.145578 0.216379 0.288973 0.375294 0.476354 0.577443 0.691851 0.82082 0.943279 1.07217 1.19887 
2310 0 0 0 0 0 0.0346198 0.12835 0.200051 0.272615 0.358244 0.458204 0.558068 0.671281 0.799541 0.92181 1.05132 1.17928 
2325 0 0 0 0 0 0.0206568 0.114485 0.186044 0.257951 0.342543 0.441277 0.539863 0.651817 0.779261 0.901198 1.03116 1.16023 
2340 0 0 0 0 0 0.0103958 0.103327 0.174027 0.244804 0.328074 0.425473 0.522739 0.633386 0.759923 0.8814 1.01166 1.14169 
2355 0 0 0 0 0 0.00285539 0.0943466 0.163718 0.233014 0.314733 0.410704 0.506615 0.615917 0.741471 0.86238 0.992804 1.12365 
2370 0 0 0 0 0 0 0.0871195 0.154873 0.222439 0.302422 0.396888 0.491419 0.599348 0.723856 0.844098 0.974562 1.1061 
2385 0 0 0 0 0 0 0.0813033 0.147285 0.212953 0.291059 0.383954 0.477083 0.58362 0.707029 0.826521 0.95691 1.08901 
2400 0 0 0 0 0 0 0.0766224 0.140775 0.204443 0.280564 0.371835 0.463547 0.568678 0.690947 0.809614 0.939827 1.07238 
2415 0 0 0 0 0 0 0.0728553 0.135189 0.196807 0.270868 0.360472 0.450757 0.554474 0.675568 0.793348 0.923289 1.05619 
2430 0 0 0 0 0 0 0.0698236 0.130397 0.189956 0.261906 0.349811 0.438661 0.540959 0.660853 0.777691 0.907277 1.04043 
2445 0 0 0 0 0 0 0.0673837 0.126285 0.183807 0.253621 0.339803 0.427214 0.528094 0.646767 0.762615 0.89177 1.02508 
2460 0 0 0 0 0 0 0.06542 0.122758 0.17829 0.245959 0.330401 0.416372 0.515837 0.633274 0.748095 0.876749 1.01013 
