15 0.172444 0.194982 0.230159 0.236012 0.228414 0.212419 0.208257 0.198916 0.189057 0.179434 0.17839 0.179265 0.182031 0.188825 0.18912 0.193332 0.198643 
30 0.195193 0.228896 0.296026 0.333191 0.34472 0.329113 0.314696 0.289959 0.263457 0.23781 0.224545 0.216272 0.211291 0.211272 0.206595 0.206755 0.208987 
45 0.198911 0.236272 0.316763 0.37252 0.402968 0.39963 0.389154 0.361037 0.32627 0.289912 0.267236 0.251353 0.239581 0.23339 0.223988 0.220227 0.219419 
60 0.199566 0.238088 0.324774 0.391262 0.434758 0.443679 0.441499 0.416101 0.378699 0.335888 0.306296 0.28426 0.26666 0.254962 0.24115 0.233648 0.229876 
75 0.199681 0.238541 0.32807 0.401135 0.453528 0.472346 0.478912 0.458915 0.422377 0.37629 0.341853 0.314955 0.292428 0.275864 0.257984 0.246946 0.240312 
90 0.199702 0.238654 0.329449 0.4066 0.465283 0.491761 0.506191 0.492462 0.458821 0.411754 0.374143 0.343497 0.316859 0.296028 0.274429 0.260072 0.25069 
105 0.199705 0.238682 0.330027 0.40969 0.472937 0.505374 0.526492 0.518993 0.48933 0.442893 0.403436 0.369989 0.339969 0.315423 0.290444 0.272989 0.260982 
120 0.199706 0.238689 0.330271 0.411454 0.478039 0.515191 0.5419 0.54019 0.514976 0.470267 0.430006 0.394555 0.361796 0.334037 0.306006 0.285669 0.271166 
135 0.199706 0.238691 0.330373 0.412465 0.481488 0.522421 0.553805 0.557301 0.536637 0.494371 0.454113 0.417325 0.38239 0.351877 0.321101 0.298095 0.281225 
150 0.199706 0.238692 0.330416 0.413045 0.483837 0.52783 0.563148 0.571253 0.555022 0.515638 0.475998 0.438428 0.401811 0.368954 0.335725 0.310254 0.291145 
165 0.316388 0.355483 0.439742 0.497344 0.534598 0.537789 0.53442 0.513397 0.479227 0.433171 0.391666 0.354639 0.318926 0.286089 0.254494 0.228817 0.208489 
180 0.317065 0.357513 0.450451 0.52506 0.582128 0.603566 0.614745 0.602615 0.571257 0.52263 0.47555 0.431738 0.387987 0.346268 0.305825 0.271667 0.243674 
195 0.317069 0.357545 0.451239 0.530058 0.595843 0.62886 0.652447 0.651998 0.62966 0.58604 0.539688 0.493931 0.446242 0.399003 0.352239 0.311456 0.277072 
210 0.317069 0.357546 0.451298 0.531002 0.600211 0.639893 0.672208 0.68149 0.668408 0.632041 0.589333 0.544424 0.495508 0.445195 0.394106 0.348248 0.308602 
225 0.317069 0.357546 0.451302 0.531181 0.601625 0.644911 0.683177 0.700077 0.695121 0.666177 0.628263 0.585727 0.537335 0.485709 0.431855 0.382209 0.338281 
240 0.317069 0.357546 0.451303 0.531215 0.602085 0.647223 0.689428 0.712194 0.714108 0.692039 0.659185 0.619779 0.573004 0.521316 0.465909 0.413536 0.366176 
255 0.317069 0.357546 0.451303 0.531221 0.602234 0.648291 0.693031 0.720254 0.727911 0.711992 0.684051 0.648076 0.603566 0.55269 0.496662 0.442432 0.392372 
270 0.317069 0.357546 0.451303 0.531222 0.602283 0.648786 0.695117 0.725676 0.73811 0.727623 0.704275 0.671775 0.629879 0.580411 0.524471 0.469097 0.416964 
285 0.317069 0.357546 0.451303 0.531223 0.602298 0.649015 0.696327 0.729346 0.74573 0.740021 0.720894 0.69177 0.652645 0.604974 0.549657 0.493716 0.44005 
300 0.317069 0.357546 0.451303 0.531223 0.602303 0.649121 0.69703 0.731839 0.751464 0.749953 0.734674 0.708759 0.672435 0.626803 0.572505 0.516466 0.461725 
315 0.317069 0.357546 0.451303 0.531223 0.602305 0.64917 0.697438 0.733534 0.755802 0.757971 0.74619 0.723286 0.689718 0.64626 0.593267 0.537505 0.482082 
330 0.317069 0.357546 0.451303 0.531223 0.602306 0.649192 0.697675 0.734689 0.759093 0.764482 0.755879 0.735782 0.704878 0.663653 0.612167 0.556982 0.501208 
345 0.317069 0.357546 0.451303 0.531223 0.602306 0.649203 0.697813 0.735476 0.761596 0.769792 0.764077 0.746589 0.718232 0.679247 0.629404 0.57503 0.519187 
360 0.317069 0.357546 0.451303 0.531223 0.602306 0.649208 0.697893 0.736013 0.763501 0.774139 0.771047 0.755979 0.730042 0.693267 0.645153 0.591772 0.536096 
375 0.317069 0.357546 0.451303 0.531223 0.602306 0.64921 0.69794 0.736378 0.764954 0.777705 0.776994 0.764174 0.740525 0.705907 0.659567 0.607319 0.552008 
390 0.317069 0.357546 0.451303 0.531223 0.602306 0.649211 0.697967 0.736628 0.766061 0.780637 0.782086 0.77135 0.749862 0.717332 0.672782 0.621773 0.566991 
405 0.317069 0.357546 0.451303 0.531223 0.602306 0.649212 0.697983 0.736798 0.766906 0.78305 0.786456 0.777655 0.758204 0.727685 0.684922 0.635223 0.581107 
420 0.317069 0.357546 0.451303 0.531223 0.602306 0.649212 0.697992 0.736914 0.76755 0.785038 0.790214 0.783211 0.765679 0.73709 0.696091 0.647756 0.594416 
435 0.317069 0.357546 0.451303 0.531223 0.602306 0.649212 0.697997 0.736992 0.768042 0.786678 0.793453 0.788118 0.772394 0.745652 0.706385 0.659445 0.606971 
450 0.317069 0.357546 0.451303 0.531223 0.602306 0.649212 0.698 0.737047 0.768418 0.788031 0.796246 0.79246 0.77844 0.753464 0.715888 0.670359 0.618824 
465 0.317069 0.357546 0.451303 0.531223 0.602306 0.649212 0.698002 0.737083 0.768704 0.789147 0.798659 0.796309 0.783897 0.760605 0.724674 0.680561 0.63002 
480 0.317069 0.357546 0.451303 0.531223 0.602306 0.649212 0.698003 0.737108 0.768923 0.790069 0.800744 0.799727 0.788829 0.767146 0.73281 0.690108 0.640604 
495 0.317069 0.357546 0.451303 0.531223 0.602306 0.649212 0.698004 0.737125 0.76909 0.790831 0.802548 0.802765 0.793296 0.773148 0.740356 0.69905 0.650616 
510 0.317069 0.357546 0.451303 0.531223 0.602306 0.649212 0.698004 0.737137 0.769217 0.79146 0.804109 0.805468 0.797348 0.778664 0.747363 0.707436 0.660093 
525 0.317069 0.357546 0.451303 0.531223 0.602306 0.649212 0.698004 0.737145 0.769314 0.791979 0.80546 0.807876 0.801027 0.78374 0.753879 0.715307 0.66907 
540 0.317069 0.357546 0.451303 0.531223 0.602306 0.649212 0.698004 0.73715 0.769389 0.792408 0.806631 0.810022 0.804372 0.788419 0.759947 0.722703 0.677579 
555 0.317069 0.357546 0.451303 0.531223 0.602306 0.649212 0.698004 0.737154 0.769445 0.792763 0.807645 0.811936 0.807417 0.792736 0.765603 0.729658 0.685649 
570 0.317069 0.357546 0.451303 0.531223 0.602306 0.649212 0.698004 0.737157 0.769489 0.793055 0.808524 0.813644 0.81019 0.796725 0.770883 0.736206 0.693308 
585 0.317069 0.357546 0.451303 0.531223 0.602306 0.649212 0.698004 0.737158 0.769522 0.793298 0.809285 0.815169 0.812719 0.800414 0.775816 0.742375 0.700582 
600 0.317069 0.357546 0.451303 0.531223 0.602306 0.649212 0.698004 0.737159 0.769547 0.793498 0.809945 0.816531 0.815026 0.803829 0.780429 0.748193 0.707495 
615 0.291465 0.336472 0.446425 0.549684 0.645531 0.71612 0.786659 0.844227 0.89195 0.927889 0.952582 0.964087 0.965395 0.95468 0.928985 0.892371 0.8453 
630 0.284855 0.326268 0.426628 0.521366 0.612074 0.682287 0.755027 0.816584 0.869049 0.90976 0.938212 0.952667 0.956646 0.948328 0.924746 0.889961 0.844428 
645 0.284046 0.324418 0.420463 0.509494 0.595061 0.662073 0.733587 0.795864 0.850497 0.894197 0.925419 0.94226 0.948532 0.942359 0.920725 0.887662 0.8436 
660 0.283946 0.324069 0.418336 0.50385 0.585523 0.64927 0.718587 0.78008 0.835348 0.880783 0.914005 0.932765 0.941002 0.936748 0.916909 0.88547 0.842816 
675 0.283933 0.324002 0.417588 0.501028 0.579838 0.640769 0.707782 0.767864 0.822876 0.869176 0.903801 0.924091 0.934008 0.931472 0.913289 0.883378 0.842073 
690 0.283931 0.32399 0.417323 0.49959 0.576332 0.634923 0.699798 0.758267 0.812528 0.859093 0.894658 0.916157 0.927508 0.926509 0.909853 0.881384 0.841371 
705 0.283931 0.323987 0.41723 0.498854 0.574133 0.630804 0.693773 0.750622 0.803875 0.850298 0.886447 0.90889 0.921462 0.921838 0.906592 0.879483 0.840707 
720 0.283931 0.323987 0.417197 0.498476 0.572742 0.627856 0.68915 0.744455 0.796586 0.842596 0.879058 0.902225 0.915834 0.91744 0.903497 0.87767 0.84008 
735 0.283931 0.323987 0.417185 0.498281 0.571857 0.625724 0.685556 0.739424 0.7904 0.835826 0.872393 0.896104 0.910591 0.913298 0.900558 0.875942 0.839488 
750 0.283931 0.323987 0.417181 0.498181 0.571294 0.624173 0.682735 0.735283 0.785117 0.829851 0.866367 0.890475 0.905704 0.909396 0.897767 0.874295 0.838931 
765 0.283931 0.323987 0.41718 0.49813 0.570935 0.62304 0.680504 0.731845 0.780577 0.824558 0.860908 0.885291 0.901143 0.905716 0.895116 0.872724 0.838406 
780 0.283931 0.323987 0.417179 0.498103 0.570706 0.62221 0.678732 0.728973 0.776654 0.819854 0.855952 0.880511 0.896884 0.902246 0.892599 0.871228 0.837913 
795 0.234629 0.274064 0.366665 0.451128 0.531513 0.597754 0.673147 0.745216 0.81803 0.888217 0.948562 0.993351 1.02861 1.05052 1.05342 1.04091 1.01228 
810 0.234629 0.274058 0.36641 0.448813 0.523373 0.579947 0.643394 0.702475 0.7635 0.825648 0.883394 0.929474 0.969084 0.997872 1.00931 1.00621 0.987067 
825 0.234629 0.274058 0.366409 0.44876 0.522743 0.576965 0.635472 0.687029 0.738988 0.792267 0.844221 0.887657 0.927244 0.95862 0.974781 0.977913 0.965823 
840 0.234629 0.274058 0.366409 0.448759 0.522694 0.576446 0.633187 0.680793 0.726693 0.772896 0.819255 0.85916 0.897051 0.928864 0.947478 0.954722 0.947871 
855 0.234629 0.274058 0.366409 0.448759 0.52269 0.576355 0.632521 0.678201 0.720223 0.761052 0.802618 0.83906 0.874722 0.905934 0.925669 0.9356 0.932657 
870 0.234629 0.274058 0.366409 0.448759 0.52269 0.576339 0.632326 0.677115 0.716753 0.753596 0.791184 0.824488 0.857847 0.887988 0.908072 0.91974 0.919722 
885 0.234629 0.274058 0.366409 0.448759 0.522689 0.576337 0.63227 0.676659 0.71488 0.748831 0.783164 0.813699 0.844854 0.873738 0.89373 0.906503 0.908689 
900 0.234629 0.274058 0.366409 0.448759 0.522689 0.576336 0.632253 0.676468 0.713865 0.745762 0.777467 0.805589 0.834697 0.862275 0.88193 0.895387 0.899245 
915 0.234629 0.274058 0.366409 0.448759 0.522689 0.576336 0.632248 0.676388 0.713315 0.743778 0.773389 0.799426 0.826662 0.852949 0.872131 0.885993 0.891134 
930 0.234629 0.274058 0.366409 0.448759 0.522689 0.576336 0.632246 0.676354 0.713017 0.742492 0.770455 0.794709 0.820243 0.845288 0.863925 0.878008 0.884142 
945 0.234629 0.274058 0.366409 0.448759 0.522689 0.576336 0.632246 0.67634 0.712856 0.741659 0.768339 0.79108 0.81508 0.838941 0.857 0.871178 0.878093 
960 0.234629 0.274058 0.366409 0.448759 0.522689 0.576336 0.632246 0.676334 0.712768 0.741118 0.766811 0.788278 0.810903 0.833649 0.851115 0.865304 0.872839 
975 0.234629 0.274058 0.366409 0.448759 0.522689 0.576336 0.632246 0.676331 0.712721 0.740768 0.765706 0.78611 0.807512 0.829209 0.846082 0.860223 0.868259 
990 0.234629 0.274058 0.366409 0.448759 0.522689 0.576336 0.632246 0.67633 0.712695 0.74054 0.764906 0.78443 0.804749 0.82547 0.841754 0.855805 0.864251 
1005 0.234629 0.274058 0.366409 0.448759 0.522689 0.576336 0.632246 0.67633 0.712681 0.740392 0.764327 0.783127 0.802494 0.822308 0.838015 0.851945 0.860732 
1020 0.234629 0.274058 0.366409 0.448759 0.522689 0.576336 0.632246 0.67633 0.712673 0.740296 0.763908 0.782115 0.80065 0.819627 0.834772 0.848558 0.857629 
1035 0.234629 0.274058 0.366409 0.448759 0.522689 0.576336 0.632246 0.67633 0.712669 0.740234 0.763605 0.78133 0.799141 0.817348 0.831948 0.845573 0.854883 
1050 0.234629 0.274058 0.366409 0.448759 0.522689 0.576336 0.632246 0.67633 0.712667 0.740194 0.763385 0.780719 0.797905 0.815408 0.829483 0.842932 0.852445 
1065 0.234629 0.274058 0.366409 0.448759 0.522689 0.576336 0.632246 0.67633 0.712666 0.740168 0.763226 0.780245 0.796892 0.813754 0.827325 0.840589 0.850273 
1080 0.234629 0.274058 0.366409 0.448759 0.522689 0.576336 0.632246 0.67633 0.712665 0.740151 0.763111 0.779877 0.796061 0.812342 0.825432 0.838502 0.848331 
1095 0.234629 0.274058 0.366409 0.448759 0.522689 0.576336 0.632246 0.67633 0.712665 0.74014 0.763028 0.77959 0.795379 0.811136 0.823768 0.83664 0.84659 
1110 0.234629 0.274058 0.366409 0.448759 0.522689 0.576336 0.632246 0.67633 0.712665 0.740133 0.762968 0.779368 0.794819 0.810105 0.822304 0.834972 0.845024 
1125 0.234629 0.274058 0.366409 0.448759 0.522689 0.576336 0.632246 0.67633 0.712664 0.740128 0.762924 0.779195 0.79436 0.809223 0.821014 0.833477 0.843612 
1140 0.234629 0.274058 0.366409 0.448759 0.522689 0.576336 0.632246 0.67633 0.712664 0.740125 0.762892 0.779061 0.793983 0.808469 0.819876 0.832133 0.842335 
1155 0.234629 0.274058 0.366409 0.448759 0.522689 0.576336 0.632246 0.67633 0.712664 0.740123 0.762869 0.778956 0.793674 0.807823 0.818872 0.830924 0.841178 
1170 0.234629 0.274058 0.366409 0.448759 0.522689 0.576336 0.632246 0.67633 0.712664 0.740122 0.762853 0.778875 0.79342 0.80727 0.817985 0.829834 0.840126 
1185 0.234629 0.274058 0.366409 0.448759 0.522689 0.576336 0.632246 0.67633 0.712664 0.740121 0.762841 0.778812 0.793212 0.806796 0.817201 0.82885 0.839168 
1200 0.234629 0.274058 0.366409 0.448759 0.522689 0.576336 0.632246 0.67633 0.712664 0.74012 0.762832 0.778763 0.793041 0.806391 0.816507 0.827962 0.838295 
1215 0.234629 0.274058 0.366409 0.448759 0.522689 0.576336 0.632246 0.67633 0.712664 0.74012 0.762825 0.778725 0.7929 0.806044 0.815894 0.827158 0.837497 
1230 0.234629 0.274058 0.366409 0.448759 0.522689 0.576336 0.632246 0.67633 0.712664 0.74012 0.762821 0.778695 0.792785 0.805746 0.815351 0.82643 0.836766 
1245 0.234629 0.274058 0.366409 0.448759 0.522689 0.576336 0.632246 0.67633 0.712664 0.74012 0.762818 0.778672 0.79269 0.805492 0.814871 0.825771 0.836097 
1260 0.234629 0.274058 0.366409 0.448759 0.522689 0.576336 0.632246 0.67633 0.712664 0.74012 0.762815 0.778654 0.792612 0.805273 0.814445 0.825174 0.835482 
1275 0.234629 0.274058 0.366409 0.448759 0.522689 0.576336 0.632246 0.67633 0.712664 0.740119 0.762814 0.778641 0.792548 0.805087 0.814069 0.824633 0.834917 
1290 0.234629 0.274058 0.366409 0.448759 0.522689 0.576336 0.632246 0.67633 0.712664 0.740119 0.762812 0.77863 0.792496 0.804926 0.813735 0.824141 0.834398 
1305 0.234629 0.274058 0.366409 0.448759 0.522689 0.576336 0.632246 0.67633 0.712664 0.740119 0.762812 0.778621 0.792453 0.804789 0.81344 0.823696 0.833919 
1320 0.234629 0.274058 0.366409 0.448759 0.522689 0.576336 0.632246 0.67633 0.712664 0.740119 0.762811 0.778615 0.792418 0.804671 0.813178 0.823291 0.833478 
1335 0.234629 0.274058 0.366409 0.448759 0.522689 0.576336 0.632246 0.67633 0.712664 0.740119 0.76281 0.77861 0.792389 0.804571 0.812946 0.822923 0.833072 
1350 0.234629 0.274058 0.366409 0.448759 0.522689 0.576336 0.632246 0.67633 0.712664 0.740119 0.76281 0.778606 0.792365 0.804484 0.812741 0.822589 0.832696 
1365 0.234629 0.274058 0.366409 0.448759 0.522689 0.576336 0.632246 0.67633 0.712664 0.740119 0.76281 0.778603 0.792345 0.804411 0.812559 0.822286 0.832349 
1380 0.234629 0.274058 0.366409 0.448759 0.522689 0.576336 0.632246 0.67633 0.712664 0.740119 0.76281 0.7786 0.792329 0.804347 0.812398 0.82201 0.832029 
1395 0.234629 0.274058 0.366409 0.448759 0.522689 0.576336 0.632246 0.67633 0.712664 0.740119 0.76281 0.778598 0.792316 0.804293 0.812255 0.82176 0.831732 
1410 0.234629 0.274058 0.366409 0.448759 0.522689 0.576336 0.632246 0.67633 0.712664 0.740119 0.762809 0.778597 0.792305 0.804246 0.812128 0.821532 0.831458 
1425 0.234629 0.274058 0.366409 0.448759 0.522689 0.576336 0.632246 0.67633 0.712664 0.740119 0.762809 0.778596 0.792296 0.804206 0.812016 0.821325 0.831204 
1440 0.234629 0.274058 0.366409 0.448759 0.522689 0.576336 0.632246 0.67633 0.712664 0.740119 0.762809 0.778595 0.792289 0.804172 0.811917 0.821137 0.830969 
1455 0.234629 0.274058 0.366409 0.448759 0.522689 0.576336 0.632246 0.67633 0.712664 0.740119 0.762809 0.778594 0.792283 0.804143 0.811829 0.820966 0.830751 
1470 0.234629 0.274058 0.366409 0.448759 0.522689 0.576336 0.632246 0.67633 0.712664 0.740119 0.762809 0.778594 0.792278 0.804118 0.811751 0.82081 0.83055 
1485 0.234629 0.274058 0.366409 0.448759 0.522689 0.576336 0.632246 0.67633 0.712664 0.740119 0.762809 0.778594 0.792274 0.804097 0.811682 0.820668 0.830363 
1500 0.234629 0.274058 0.366409 0.448759 0.522689 0.576336 0.632246 0.67633 0.712664 0.740119 0.762809 0.778593 0.792271 0.804078 0.811621 0.82054 0.83019 
1515 0.234629 0.274058 0.366409 0.448759 0.522689 0.576336 0.632246 0.67633 0.712664 0.740119 0.762809 0.778593 0.792268 0.804062 0.811566 0.820423 0.830029 
1530 0.234629 0.274058 0.366409 0.448759 0.522689 0.576336 0.632246 0.67633 0.712664 0.740119 0.762809 0.778593 0.792266 0.804049 0.811518 0.820316 0.829881 
1545 0.234629 0.274058 0.366409 0.448759 0.522689 0.576336 0.632246 0.67633 0.712664 0.740119 0.762809 0.778593 0.792264 0.804037 0.811476 0.820219 0.829742 
1560 0.234629 0.274058 0.366409 0.448759 0.522689 0.576336 0.632246 0.67633 0.712664 0.740119 0.762809 0.778592 0.792263 0.804027 0.811438 0.820131 0.829615 
1575 0.234629 0.274058 0.366409 0.448759 0.522689 0.576336 0.632246 0.67633 0.712664 0.740119 0.762809 0.778592 0.792261 0.804019 0.811404 0.820051 0.829496 
1590 0.234629 0.274058 0.366409 0.448759 0.522689 0.576336 0.632246 0.67633 0.712664 0.740119 0.762809 0.778592 0.792261 0.804012 0.811375 0.819978 0.829386 
1605 0.234629 0.274058 0.366409 0.448759 0.522689 0.576336 0.632246 0.67633 0.712664 0.740119 0.762809 0.778592 0.79226 0.804005 0.811348 0.819912 0.829284 
1620 0.234629 0.274058 0.366409 0.448759 0.522689 0.576336 0.632246 0.67633 0.712664 0.740119 0.762809 0.778592 0.792259 0.804 0.811325 0.819852 0.829189 
1635 0.234629 0.274058 0.366409 0.448759 0.522689 0.576336 0.632246 0.67633 0.712664 0.740119 0.762809 0.778592 0.792258 0.803995 0.811304 0.819797 0.829101 
1650 0.234629 0.274058 0.366409 0.448759 0.522689 0.576336 0.632246 0.67633 0.712664 0.740119 0.762809 0.778592 0.792258 0.803991 0.811286 0.819747 0.829019 
1665 0.234629 0.274058 0.366409 0.448759 0.522689 0.576336 0.632246 0.67633 0.712664 0.740119 0.762809 0.778592 0.792257 0.803988 0.81127 0.819702 0.828943 
1680 0.234629 0.274058 0.366409 0.448759 0.522689 0.576336 0.632246 0.67633 0.712664 0.740119 0.762809 0.778592 0.792257 0.803985 0.811256 0.819661 0.828873 
1695 0.234629 0.274058 0.366409 0.448759 0.522689 0.576336 0.632246 0.67633 0.712664 0.740119 0.762809 0.778592 0.792257 0.803983 0.811243 0.819623 0.828808 
1710 0.234629 0.274058 0.366409 0.448759 0.522689 0.576336 0.632246 0.67633 0.712664 0.740119 0.762809 0.778592 0.792257 0.803981 0.811231 0.819589 0.828747 
1725 0.234629 0.274058 0.366409 0.448759 0.522689 0.576336 0.632246 0.67633 0.712664 0.740119 0.762809 0.778592 0.792256 0.803979 0.811222 0.819558 0.828691 
1740 0.234629 0.274058 0.366409 0.448759 0.522689 0.576336 0.632246 0.67633 0.712664 0.740119 0.762809 0.778592 0.792256 0.803977 0.811212 0.81953 0.828639 
1755 0.234629 0.274058 0.366409 0.448759 0.522689 0.576336 0.632246 0.67633 0.712664 0.740119 0.762809 0.778592 0.792256 0.803976 0.811205 0.819504 0.82859 
1770 0.234629 0.274058 0.366409 0.448759 0.522689 0.576336 0.632246 0.67633 0.712664 0.740119 0.762809 0.778592 0.792256 0.803975 0.811198 0.81948 0.828545 
1785 0.234629 0.274058 0.366409 0.448759 0.522689 0.576336 0.632246 0.67633 0.712664 0.740119 0.762809 0.778592 0.792256 0.803974 0.811192 0.819459 0.828504 
1800 0.234629 0.274058 0.366409 0.448759 0.522689 0.576336 0.632246 0.67633 0.712664 0.740119 0.762809 0.778592 0.792256 0.803973 0.811186 0.81944 0.828465 
1815 0.079033 0.137642 0.294357 0.457526 0.605921 0.725925 0.839179 0.928437 1.001 1.05623 1.09936 1.12921 1.15461 1.17614 1.19008 1.20489 1.22027 
1830 0.0222987 0.0649312 0.188279 0.338439 0.490321 0.627106 0.757915 0.863621 0.9507 1.01818 1.06976 1.1055 1.13572 1.16119 1.17826 1.19556 1.21289 
1845 0.00476052 0.0397132 0.139439 0.268519 0.410455 0.550679 0.690282 0.806689 0.904785 0.982508 1.04154 1.08268 1.11737 1.14659 1.16666 1.18636 1.2056 
1860 0 0.0286841 0.114613 0.226101 0.354652 0.491327 0.6339 0.756648 0.862858 0.949048 1.01464 1.06069 1.09956 1.13233 1.15526 1.17729 1.19839 
1875 0 0 0.0763288 0.183853 0.307869 0.451075 0.61207 0.758535 0.892132 1.00583 1.09358 1.15625 1.20948 1.25456 1.28706 1.31741 1.34566 
1890 0 0 0.0518204 0.146063 0.253234 0.381432 0.5339 0.678546 0.817296 0.94107 1.03883 1.11 1.17103 1.22312 1.26153 1.29684 1.32914 
1905 0 0 0.0399432 0.124506 0.219661 0.334786 0.476814 0.615289 0.754163 0.88374 0.988885 1.06696 1.1347 1.19306 1.23689 1.27682 1.31297 
1920 0 0 0.0340632 0.111476 0.197794 0.30245 0.434419 0.564918 0.700755 0.832928 0.94329 1.0269 1.10037 1.16432 1.21309 1.25736 1.29715 
1935 0 0 0.0311324 0.103357 0.182915 0.2793 0.402373 0.524496 0.655435 0.787837 0.901643 0.989606 1.06792 1.13683 1.19011 1.23842 1.28167 
1950 0 0 0.0296684 0.0982218 0.172477 0.262251 0.377722 0.491791 0.61685 0.747768 0.863579 0.954872 1.03724 1.11054 1.16793 1.22 1.26652 
1965 0 0 0.0289367 0.0949489 0.165004 0.249394 0.358438 0.465102 0.583879 0.712109 0.828763 0.92251 1.00824 1.08539 1.14651 1.20208 1.2517 
1980 0 0 0.0285708 0.0928556 0.159583 0.23951 0.343115 0.443134 0.555599 0.680325 0.796896 0.892345 0.980809 1.06133 1.12582 1.18465 1.23719 
1995 0 0 0 0.0797122 0.1597 0.253232 0.371666 0.483674 0.609181 0.750761 0.885993 0.998559 1.10417 1.20133 1.27995 1.35191 1.41624 
2010 0 0 0 0.0618206 0.141044 0.233678 0.349976 0.458185 0.578855 0.716925 0.851551 0.965404 1.07352 1.17405 1.25619 1.33168 1.39927 
2025 0 0 0 0.0503395 0.127233 0.217886 0.331697 0.436236 0.552173 0.686379 0.819798 0.934358 1.04445 1.14789 1.23321 1.31198 1.38264 
2040 0 0 0 0.042972 0.117004 0.205101 0.31621 0.417218 0.528603 0.658747 0.790495 0.905272 1.01686 1.12282 1.21099 1.29279 1.36636 
2055 0 0 0 0.0382441 0.109426 0.194733 0.303029 0.400648 0.507698 0.633702 0.763424 0.878007 0.99068 1.09877 1.18949 1.2741 1.35042 
2070 0 0 0 0.0352103 0.103813 0.186315 0.291773 0.386141 0.489089 0.610955 0.73839 0.852434 0.965818 1.0757 1.1687 1.2559 1.33481 
2085 0 0 0 0.0332634 0.0996532 0.179475 0.282134 0.373385 0.472461 0.590253 0.715215 0.828433 0.942204 1.05357 1.14858 1.23817 1.31952 
2100 0 0 0 0.032014 0.0965713 0.173912 0.273861 0.362125 0.457553 0.571375 0.693737 0.805894 0.919768 1.03234 1.12912 1.2209 1.30454 
2115 0 0 0 0 0.0767249 0.172988 0.293386 0.398225 0.509483 0.640931 0.783478 0.915763 1.05178 1.18798 1.30633 1.41946 1.52308 
2130 0 0 0 0 0.0524426 0.1482 0.267583 0.370924 0.479528 0.606989 0.746316 0.877068 1.01312 1.15107 1.27215 1.38884 1.4963 
2145 0 0 0 0 0.0369535 0.129987 0.246855 0.347729 0.453325 0.576755 0.712677 0.841523 0.977101 1.11624 1.23954 1.35934 1.4703 
2160 0 0 0 0 0.0270734 0.116604 0.230193 0.327976 0.430312 0.549726 0.682152 0.80882 0.94351 1.08336 1.2084 1.33093 1.44507 
2175 0 0 0 0 0.0207711 0.10677 0.216796 0.311127 0.410033 0.52548 0.654386 0.778687 0.912156 1.05229 1.17868 1.30356 1.42058 
2190 0 0 0 0 0.016751 0.0995432 0.20602 0.296735 0.392111 0.50366 0.629071 0.750879 0.882863 1.02294 1.15029 1.27718 1.39681 
2205 0 0 0 0 0.0141866 0.0942326 0.197351 0.284429 0.376231 0.483966 0.605938 0.725178 0.855471 0.995181 1.12317 1.25175 1.37373 
2220 0 0 0 0 0.0125509 0.0903301 0.190376 0.273898 0.362132 0.466142 0.584752 0.701389 0.829831 0.968918 1.09725 1.22725 1.35132 
2235 0 0 0 0 0.0115075 0.0874622 0.184764 0.264882 0.349592 0.449972 0.565309 0.679335 0.805808 0.944055 1.07247 1.20362 1.32956 
2250 0 0 0 0 0.0108419 0.0853548 0.180248 0.257158 0.338421 0.435268 0.547429 0.65886 0.78328 0.920505 1.04878 1.18084 1.30842 
2265 0 0 0 0 0.0104174 0.0838061 0.176614 0.250539 0.328458 0.42187 0.530955 0.639824 0.762133 0.898185 1.02611 1.15886 1.2879 
2280 0 0 0 0 0.0101466 0.082668 0.17369 0.244865 0.319563 0.409639 0.515748 0.622101 0.742264 0.877017 1.00442 1.13767 1.26796 
2295 0 0 0 0 0 0.0516863 0.171387 0.2631 0.356243 0.466373 0.595017 0.723579 0.869244 1.034 1.19086 1.35666 1.5202 
2310 0 0 0 0 0 0.0216409 0.141658 0.233118 0.324883 0.432806 0.558832 0.684665 0.827644 0.990658 1.14681 1.31357 1.47948 
2325 0 0 0 0 0 0.00366076 0.120957 0.209895 0.298736 0.403503 0.526543 0.649506 0.789638 0.950604 1.10562 1.27283 1.44058 
2340 0 0 0 0 0 0 0.106543 0.191906 0.276925 0.37788 0.497656 0.617653 0.754837 0.91353 1.06706 1.23427 1.40341 
2355 0 0 0 0 0 0 0.0965062 0.17797 0.258724 0.355444 0.471751 0.588723 0.722902 0.87916 1.03093 1.19776 1.36787 
2370 0 0 0 0 0 0 0.0895174 0.167175 0.243533 0.335777 0.448476 0.562386 0.693538 0.847248 0.997039 1.16318 1.33388 
2385 0 0 0 0 0 0 0.0846511 0.158813 0.230851 0.318522 0.427526 0.53836 0.666484 0.817574 0.965224 1.13039 1.30137 
2400 0 0 0 0 0 0 0.0812626 0.152335 0.220262 0.303372 0.408641 0.5164 0.641512 0.789939 0.935324 1.09929 1.27025 
2415 0 0 0 0 0 0 0.0789031 0.147316 0.21142 0.290063 0.391596 0.496294 0.618422 0.764167 0.907197 1.06977 1.24046 
2430 0 0 0 0 0 0 0.0772602 0.143428 0.204037 0.278365 0.376194 0.477856 0.597036 0.740099 0.88071 1.04173 1.21194 
2445 0 0 0 0 0 0 0.0761162 0.140417 0.197871 0.268081 0.362263 0.460924 0.5772 0.717592 0.855745 1.01509 1.18461 
2460 0 0 0 0 0 0 0.0753197 0.138084 0.192721 0.259035 0.349654 0.445355 0.558773 0.696517 0.832191 0.989758 1.15841 
2475 0 0 0 0 0 0 0.074765 0.136276 0.18842 0.251078 0.338232 0.431025 0.541633 0.676759 0.809947 0.965651 1.1333 
2490 0 0 0 0 0 0 0.0743788 0.134876 0.184829 0.244077 0.32788 0.417821 0.525671 0.658213 0.788922 0.9427 1.10921 
2505 0 0 0 0 0 0 0.0741098 0.133791 0.181828 0.237915 0.318493 0.405643 0.510789 0.640786 0.769031 0.920834 1.0861 
2520 0 0 0 0 0 0 0.0739226 0.132951 0.179323 0.232493 0.309977 0.394404 0.496898 0.624392 0.750195 0.899989 1.06392 
2535 0 0 0 0 0 0 0.0737922 0.1323 0.17723 0.22772 0.302248 0.384023 0.48392 0.608954 0.732343 0.880106 1.04262 
2550 0 0 0 0 0 0 0.0737014 0.131796 0.175482 0.223518 0.295232 0.374429 0.471785 0.594402 0.71541 0.861129 1.02215 
2565 0 0 0 0 0 0 0.0736382 0.131405 0.174022 0.219819 0.288861 0.365558 0.460428 0.580673 0.699335 0.843004 1.00249 
2580 0 0 0 0 0 0 0.0735942 0.131102 0.172803 0.216563 0.283075 0.35735 0.449791 0.567709 0.684062 0.825685 0.983581 
