15 0.172444 0.194982 0.230159 0.236012 0.228414 0.212419 0.208257 0.198916 0.189057 0.179434 0.17839 0.179265 0.182031 0.188825 0.18912 0.193332 0.198643 
30 0.195193 0.228896 0.296026 0.333191 0.34472 0.329113 0.314696 0.289959 0.263457 0.23781 0.224545 0.216272 0.211291 0.211272 0.206595 0.206755 0.208987 
45 0.198911 0.236272 0.316763 0.37252 0.402968 0.39963 0.389154 0.361037 0.32627 0.289912 0.267236 0.251353 0.239581 0.23339 0.223988 0.220227 0.219419 
60 0.199566 0.238088 0.324774 0.391262 0.434758 0.443679 0.441499 0.416101 0.378699 0.335888 0.306296 0.28426 0.26666 0.254962 0.24115 0.233648 0.229876 
75 0.199681 0.238541 0.32807 0.401135 0.453528 0.472346 0.478912 0.458915 0.422377 0.37629 0.341853 0.314955 0.292428 0.275864 0.257984 0.246946 0.240312 
90 0.199702 0.238654 0.329449 0.4066 0.465283 0.491761 0.506191 0.492462 0.458821 0.411754 0.374143 0.343497 0.316859 0.296028 0.274429 0.260072 0.25069 
105 0.199705 0.238682 0.330027 0.40969 0.472937 0.505374 0.526492 0.518993 0.48933 0.442893 0.403436 0.369989 0.339969 0.315423 0.290444 0.272989 0.260982 
120 0.199706 0.238689 0.330271 0.411454 0.478039 0.515191 0.5419 0.54019 0.514976 0.470267 0.430006 0.394555 0.361796 0.334037 0.306006 0.285669 0.271166 
135 0.199706 0.238691 0.330373 0.412465 0.481488 0.522421 0.553805 0.557301 0.536637 0.494371 0.454113 0.417325 0.38239 0.351877 0.321101 0.298095 0.281225 
150 0.199706 0.238692 0.330416 0.413045 0.483837 0.52783 0.563148 0.571253 0.555022 0.515638 0.475998 0.438428 0.401811 0.368954 0.335725 0.310254 0.291145 
165 0.317068 0.357537 0.450945 0.52769 0.588542 0.614524 0.630291 0.622175 0.593593 0.546155 0.498828 0.453952 0.408511 0.36463 0.321827 0.28527 0.255012 
180 0.317069 0.357546 0.451302 0.53115 0.601316 0.643649 0.680189 0.694762 0.687241 0.655864 0.616291 0.57285 0.524135 0.472785 0.419703 0.371192 0.32859 
195 0.317069 0.357546 0.451303 0.531221 0.602234 0.648291 0.693031 0.720254 0.727911 0.711992 0.684051 0.648076 0.603566 0.55269 0.496662 0.442433 0.392372 
210 0.317069 0.357546 0.451303 0.531223 0.602301 0.649059 0.696605 0.730286 0.747823 0.743575 0.725771 0.697737 0.659547 0.612535 0.557519 0.501499 0.447427 
225 0.317069 0.357546 0.451303 0.531223 0.602305 0.649187 0.69761 0.734352 0.758095 0.762458 0.75283 0.73182 0.700039 0.658067 0.606061 0.550655 0.494964 
240 0.317069 0.357546 0.451303 0.531223 0.602306 0.649208 0.697893 0.736013 0.763501 0.774139 0.771047 0.755979 0.730042 0.693267 0.645153 0.591772 0.536096 
255 0.317069 0.357546 0.451303 0.531223 0.602306 0.649211 0.697973 0.736692 0.766369 0.781494 0.783617 0.773542 0.752746 0.720895 0.676943 0.626363 0.57179 
270 0.317069 0.357546 0.451303 0.531223 0.602306 0.649212 0.697995 0.73697 0.767893 0.786166 0.792426 0.786549 0.770234 0.742885 0.703045 0.655638 0.602867 
285 0.317069 0.357546 0.451303 0.531223 0.602306 0.649212 0.698002 0.737083 0.768704 0.789147 0.798659 0.796309 0.783896 0.760605 0.724674 0.680561 0.63002 
300 0.317069 0.357546 0.451303 0.531223 0.602306 0.649212 0.698004 0.73713 0.769136 0.791054 0.803094 0.803701 0.794691 0.775038 0.742749 0.701905 0.653833 
315 0.317069 0.357546 0.451303 0.531223 0.602306 0.649212 0.698004 0.737149 0.769366 0.792274 0.806259 0.809334 0.803292 0.786901 0.757972 0.720288 0.674792 
330 0.317069 0.357546 0.451303 0.531223 0.602306 0.649212 0.698004 0.737157 0.769489 0.793055 0.808524 0.813644 0.81019 0.796725 0.770883 0.736206 0.693308 
345 0.317069 0.357546 0.451303 0.531223 0.602306 0.649212 0.698004 0.73716 0.769554 0.793556 0.810145 0.816952 0.815749 0.80491 0.781901 0.750059 0.709723 
360 0.317069 0.357546 0.451303 0.531223 0.602306 0.649212 0.698004 0.737161 0.769588 0.793877 0.811307 0.819494 0.820245 0.811765 0.791354 0.762172 0.724326 
375 0.317069 0.357546 0.451303 0.531223 0.602306 0.649212 0.698004 0.737162 0.769607 0.794083 0.81214 0.821451 0.82389 0.817528 0.799503 0.772809 0.737361 
390 0.317069 0.357546 0.451303 0.531223 0.602306 0.649212 0.698004 0.737162 0.769617 0.794214 0.812737 0.822959 0.826851 0.822388 0.806556 0.782187 0.749032 
405 0.317069 0.357546 0.451303 0.531223 0.602306 0.649212 0.698004 0.737162 0.769622 0.794298 0.813165 0.824121 0.829259 0.826497 0.81268 0.790485 0.759514 
420 0.317069 0.357546 0.451303 0.531223 0.602306 0.649212 0.698004 0.737162 0.769625 0.794352 0.813473 0.825016 0.83122 0.829978 0.818014 0.797849 0.768955 
435 0.317069 0.357546 0.451303 0.531223 0.602306 0.649212 0.698004 0.737162 0.769626 0.794387 0.813693 0.825707 0.832817 0.832932 0.82267 0.804404 0.77748 
450 0.317069 0.357546 0.451303 0.531223 0.602306 0.649212 0.698004 0.737162 0.769627 0.794409 0.813851 0.82624 0.83412 0.835441 0.826743 0.810254 0.785198 
465 0.317069 0.357546 0.451303 0.531223 0.602306 0.649212 0.698004 0.737162 0.769628 0.794424 0.813964 0.82665 0.835182 0.837574 0.830312 0.815485 0.792199 
480 0.317069 0.357546 0.451303 0.531223 0.602306 0.649212 0.698004 0.737162 0.769628 0.794432 0.814046 0.826967 0.836048 0.839388 0.833444 0.820172 0.798566 
495 0.317069 0.357546 0.451303 0.531223 0.602306 0.649212 0.698004 0.737162 0.769628 0.794439 0.814104 0.827212 0.836755 0.840933 0.836194 0.824379 0.804364 
510 0.317069 0.357546 0.451303 0.531223 0.602306 0.649212 0.698004 0.737162 0.769628 0.794442 0.814146 0.8274 0.837332 0.842249 0.838613 0.828161 0.809656 
525 0.317069 0.357546 0.451303 0.531223 0.602306 0.649212 0.698004 0.737162 0.769628 0.794445 0.814176 0.827546 0.837802 0.84337 0.840741 0.831565 0.814492 
540 0.317069 0.357546 0.451303 0.531223 0.602306 0.649212 0.698004 0.737162 0.769628 0.794446 0.814197 0.827658 0.838187 0.844325 0.842614 0.834632 0.818919 
555 0.317069 0.357546 0.451303 0.531223 0.602306 0.649212 0.698004 0.737162 0.769628 0.794447 0.814213 0.827745 0.8385 0.84514 0.844265 0.837398 0.822975 
570 0.317069 0.357546 0.451303 0.531223 0.602306 0.649212 0.698004 0.737162 0.769628 0.794448 0.814224 0.827812 0.838756 0.845834 0.84572 0.839895 0.826697 
585 0.317069 0.357546 0.451303 0.531223 0.602306 0.649212 0.698004 0.737162 0.769628 0.794448 0.814232 0.827863 0.838965 0.846425 0.847002 0.84215 0.830116 
600 0.317069 0.357546 0.451303 0.531223 0.602306 0.649212 0.698004 0.737162 0.769628 0.794448 0.814237 0.827903 0.839135 0.84693 0.848133 0.844189 0.833259 
615 0.317069 0.357546 0.451303 0.531223 0.602306 0.649212 0.698004 0.737162 0.769628 0.794449 0.814242 0.827933 0.839274 0.84736 0.849131 0.846032 0.836152 
630 0.317069 0.357546 0.451303 0.531223 0.602306 0.649212 0.698004 0.737162 0.769628 0.794449 0.814244 0.827957 0.839388 0.847727 0.850011 0.8477 0.838815 
645 0.317069 0.357546 0.451303 0.531223 0.602306 0.649212 0.698004 0.737162 0.769628 0.794449 0.814247 0.827975 0.839481 0.84804 0.850787 0.849209 0.841269 
660 0.317069 0.357546 0.451303 0.531223 0.602306 0.649212 0.698004 0.737162 0.769628 0.794449 0.814248 0.827989 0.839556 0.848307 0.851473 0.850576 0.843532 
675 0.317069 0.357546 0.451303 0.531223 0.602306 0.649212 0.698004 0.737162 0.769628 0.794449 0.814249 0.828 0.839618 0.848535 0.852078 0.851814 0.84562 
690 0.317069 0.357546 0.451303 0.531223 0.602306 0.649212 0.698004 0.737162 0.769628 0.794449 0.81425 0.828009 0.839668 0.848729 0.852612 0.852935 0.847547 
705 0.317069 0.357546 0.451303 0.531223 0.602306 0.649212 0.698004 0.737162 0.769628 0.794449 0.81425 0.828015 0.83971 0.848894 0.853083 0.853951 0.849326 
720 0.317069 0.357546 0.451303 0.531223 0.602306 0.649212 0.698004 0.737162 0.769628 0.794449 0.814251 0.82802 0.839743 0.849036 0.853499 0.854872 0.850969 
735 0.317069 0.357546 0.451303 0.531223 0.602306 0.649212 0.698004 0.737162 0.769628 0.794449 0.814251 0.828024 0.839771 0.849156 0.853866 0.855706 0.852488 
750 0.317069 0.357546 0.451303 0.531223 0.602306 0.649212 0.698004 0.737162 0.769628 0.794449 0.814251 0.828027 0.839793 0.849258 0.854191 0.856462 0.853891 
765 0.317069 0.357546 0.451303 0.531223 0.602306 0.649212 0.698004 0.737162 0.769628 0.794449 0.814251 0.828029 0.839811 0.849346 0.854477 0.857148 0.855189 
780 0.317069 0.357546 0.451303 0.531223 0.602306 0.649212 0.698004 0.737162 0.769628 0.794449 0.814252 0.828031 0.839826 0.849421 0.85473 0.85777 0.856389 
795 0.317069 0.357546 0.451303 0.531223 0.602306 0.649212 0.698004 0.737162 0.769628 0.794449 0.814252 0.828032 0.839838 0.849485 0.854953 0.858333 0.857499 
810 0.317069 0.357546 0.451303 0.531223 0.602306 0.649212 0.698004 0.737162 0.769628 0.794449 0.814252 0.828034 0.839848 0.849539 0.85515 0.858845 0.858526 
825 0.317069 0.357546 0.451303 0.531223 0.602306 0.649212 0.698004 0.737162 0.769628 0.794449 0.814252 0.828034 0.839856 0.849585 0.855324 0.859308 0.859476 
840 0.317069 0.357546 0.451303 0.531223 0.602306 0.649212 0.698004 0.737162 0.769628 0.794449 0.814252 0.828035 0.839863 0.849625 0.855478 0.859729 0.860356 
855 0.317069 0.357546 0.451303 0.531223 0.602306 0.649212 0.698004 0.737162 0.769628 0.794449 0.814252 0.828035 0.839868 0.849659 0.855613 0.86011 0.86117 
870 0.317069 0.357546 0.451303 0.531223 0.602306 0.649212 0.698004 0.737162 0.769628 0.794449 0.814252 0.828036 0.839873 0.849687 0.855733 0.860455 0.861923 
885 0.317069 0.357546 0.451303 0.531223 0.602306 0.649212 0.698004 0.737162 0.769628 0.794449 0.814252 0.828036 0.839876 0.849712 0.855839 0.860769 0.86262 
900 0.317069 0.357546 0.451303 0.531223 0.602306 0.649212 0.698004 0.737162 0.769628 0.794449 0.814252 0.828036 0.839879 0.849733 0.855932 0.861053 0.863266 
915 0.317069 0.357546 0.451303 0.531223 0.602306 0.649212 0.698004 0.737162 0.769628 0.794449 0.814252 0.828036 0.839882 0.849751 0.856015 0.861311 0.863864 
930 0.317069 0.357546 0.451303 0.531223 0.602306 0.649212 0.698004 0.737162 0.769628 0.794449 0.814252 0.828036 0.839884 0.849766 0.856088 0.861546 0.864417 
945 0.317069 0.357546 0.451303 0.531223 0.602306 0.649212 0.698004 0.737162 0.769628 0.794449 0.814252 0.828037 0.839885 0.849779 0.856152 0.861758 0.86493 
960 0.317069 0.357546 0.451303 0.531223 0.602306 0.649212 0.698004 0.737162 0.769628 0.794449 0.814252 0.828037 0.839887 0.84979 0.856209 0.861951 0.865405 
975 0.317069 0.357546 0.451303 0.531223 0.602306 0.649212 0.698004 0.737162 0.769628 0.794449 0.814252 0.828037 0.839887 0.8498 0.856259 0.862125 0.865844 
990 0.317069 0.357546 0.451303 0.531223 0.602306 0.649212 0.698004 0.737162 0.769628 0.794449 0.814252 0.828037 0.839888 0.849808 0.856303 0.862284 0.866251 
1005 0.317069 0.357546 0.451303 0.531223 0.602306 0.649212 0.698004 0.737162 0.769628 0.794449 0.814252 0.828037 0.839889 0.849814 0.856342 0.862427 0.866628 
1020 0.317069 0.357546 0.451303 0.531223 0.602306 0.649212 0.698004 0.737162 0.769628 0.794449 0.814252 0.828037 0.83989 0.84982 0.856377 0.862558 0.866978 
1035 0.317069 0.357546 0.451303 0.531223 0.602306 0.649212 0.698004 0.737162 0.769628 0.794449 0.814252 0.828037 0.83989 0.849825 0.856407 0.862676 0.867301 
1050 0.317069 0.357546 0.451303 0.531223 0.602306 0.649212 0.698004 0.737162 0.769628 0.794449 0.814252 0.828037 0.839891 0.84983 0.856434 0.862783 0.867601 
1065 0.317069 0.357546 0.451303 0.531223 0.602306 0.649212 0.698004 0.737162 0.769628 0.794449 0.814252 0.828037 0.839891 0.849833 0.856458 0.862881 0.867878 
1080 0.317069 0.357546 0.451303 0.531223 0.602306 0.649212 0.698004 0.737162 0.769628 0.794449 0.814252 0.828037 0.839891 0.849836 0.856479 0.862969 0.868135 
1095 0.317069 0.357546 0.451303 0.531223 0.602306 0.649212 0.698004 0.737162 0.769628 0.794449 0.814252 0.828037 0.839892 0.849839 0.856497 0.863049 0.868373 
1110 0.317069 0.357546 0.451303 0.531223 0.602306 0.649212 0.698004 0.737162 0.769628 0.794449 0.814252 0.828037 0.839891 0.849841 0.856514 0.863122 0.868594 
1125 0.317069 0.357546 0.451303 0.531223 0.602306 0.649212 0.698004 0.737162 0.769628 0.794449 0.814252 0.828037 0.839892 0.849843 0.856528 0.863188 0.868798 
1140 0.317069 0.357546 0.451303 0.531223 0.602306 0.649212 0.698004 0.737162 0.769628 0.794449 0.814252 0.828037 0.839892 0.849845 0.856541 0.863247 0.868987 
1155 0.317069 0.357546 0.451303 0.531223 0.602306 0.649212 0.698004 0.737162 0.769628 0.794449 0.814252 0.828037 0.839892 0.849846 0.856552 0.863302 0.869163 
1170 0.317069 0.357546 0.451303 0.531223 0.602306 0.649212 0.698004 0.737162 0.769628 0.794449 0.814252 0.828037 0.839892 0.849847 0.856562 0.863351 0.869325 
1185 0.317069 0.357546 0.451303 0.531223 0.602306 0.649212 0.698004 0.737162 0.769628 0.794449 0.814252 0.828037 0.839892 0.849848 0.856571 0.863395 0.869476 
1200 0.317069 0.357546 0.451303 0.531223 0.602306 0.649212 0.698004 0.737162 0.769628 0.794449 0.814252 0.828037 0.839892 0.849849 0.856579 0.863436 0.869615 
1215 0.291465 0.336472 0.446425 0.549684 0.645531 0.71612 0.786659 0.844229 0.892037 0.928943 0.957448 0.977248 0.994104 1.00818 1.01797 1.02755 1.03605 
1230 0.284855 0.326268 0.426628 0.521366 0.612074 0.682287 0.755027 0.816586 0.869128 0.910738 0.942808 0.965254 0.984359 1.00033 1.01168 1.02254 1.03208 
1245 0.284046 0.324418 0.420463 0.509494 0.595061 0.662073 0.733587 0.795865 0.850568 0.895102 0.929761 0.954299 0.975285 0.992908 1.00567 1.01771 1.02822 
1260 0.283946 0.324069 0.418336 0.50385 0.585523 0.64927 0.718587 0.780081 0.835411 0.881622 0.918108 0.944279 0.966829 0.985887 0.999908 1.01303 1.02446 
1275 0.283933 0.324002 0.417588 0.501028 0.579838 0.640769 0.707782 0.767866 0.822933 0.869954 0.907677 0.935103 0.958941 0.979242 0.994394 1.00851 1.0208 
1290 0.283931 0.32399 0.417323 0.49959 0.576332 0.634923 0.699798 0.758269 0.81258 0.859813 0.898319 0.926689 0.951579 0.97295 0.989113 1.00415 1.01723 
1305 0.283931 0.323987 0.41723 0.498854 0.574133 0.630804 0.693774 0.750623 0.803921 0.850966 0.889906 0.918963 0.944701 0.96699 0.984054 0.999923 1.01377 
1320 0.283931 0.323987 0.417197 0.498476 0.572742 0.627856 0.68915 0.744455 0.796627 0.843215 0.882325 0.91186 0.938271 0.96134 0.979204 0.995841 1.01039 
1335 0.283931 0.323987 0.417185 0.498281 0.571857 0.625724 0.685556 0.739425 0.790437 0.836399 0.875479 0.905319 0.932254 0.955982 0.974555 0.991893 1.0071 
1350 0.283931 0.323987 0.417181 0.498181 0.571294 0.624173 0.682735 0.735283 0.78515 0.830382 0.869284 0.899289 0.926619 0.950899 0.970096 0.988074 1.0039 
1365 0.283931 0.323987 0.41718 0.49813 0.570935 0.62304 0.680504 0.731845 0.780607 0.825051 0.863663 0.893722 0.921337 0.946073 0.965819 0.984379 1.00078 
1380 0.283931 0.323987 0.417179 0.498103 0.570706 0.62221 0.678732 0.728973 0.77668 0.82031 0.858554 0.888575 0.916383 0.94149 0.961714 0.980803 0.997738 
1395 0.234629 0.274058 0.366417 0.449017 0.524643 0.58378 0.651011 0.714705 0.780474 0.846744 0.908017 0.959138 1.00872 1.05568 1.09642 1.13504 1.16981 
1410 0.234629 0.274058 0.366409 0.44876 0.522724 0.576798 0.634841 0.685493 0.736194 0.788228 0.840168 0.886351 0.934153 0.982445 1.02709 1.07154 1.11333 
1425 0.234629 0.274058 0.366409 0.448759 0.52269 0.576365 0.632613 0.678625 0.721404 0.763432 0.806676 0.846237 0.888886 0.93401 0.977685 1.02333 1.06812 
1440 0.234629 0.274058 0.366409 0.448759 0.522689 0.576338 0.632298 0.676908 0.715958 0.751706 0.788449 0.822345 0.859809 0.900718 0.941591 0.986151 1.03159 
1455 0.234629 0.274058 0.366409 0.448759 0.522689 0.576336 0.632253 0.676475 0.713909 0.745927 0.778003 0.807368 0.840298 0.877064 0.914605 0.957031 1.00177 
1470 0.234629 0.274058 0.366409 0.448759 0.522689 0.576336 0.632247 0.676366 0.713135 0.743038 0.771867 0.797687 0.826794 0.859803 0.894014 0.933898 0.977207 
1485 0.234629 0.274058 0.366409 0.448759 0.522689 0.576336 0.632246 0.676339 0.712843 0.741587 0.768223 0.791323 0.817252 0.846948 0.878028 0.915281 0.956786 
1500 0.234629 0.274058 0.366409 0.448759 0.522689 0.576336 0.632246 0.676332 0.712732 0.740858 0.766048 0.787101 0.81042 0.837228 0.865439 0.900125 0.939668 
1515 0.234629 0.274058 0.366409 0.448759 0.522689 0.576336 0.632246 0.67633 0.71269 0.740491 0.764748 0.784286 0.805488 0.829799 0.855412 0.887663 0.925206 
1530 0.234629 0.274058 0.366409 0.448759 0.522689 0.576336 0.632246 0.67633 0.712674 0.740306 0.76397 0.782405 0.801909 0.824078 0.847354 0.877327 0.912901 
1545 0.234629 0.274058 0.366409 0.448759 0.522689 0.576336 0.632246 0.67633 0.712668 0.740213 0.763504 0.781146 0.799304 0.81965 0.840834 0.868693 0.902367 
1560 0.234629 0.274058 0.366409 0.448759 0.522689 0.576336 0.632246 0.67633 0.712666 0.740167 0.763225 0.780303 0.797405 0.81621 0.835531 0.861439 0.893298 
1575 0.234629 0.274058 0.366409 0.448759 0.522689 0.576336 0.632246 0.67633 0.712665 0.740143 0.763058 0.779739 0.796018 0.813532 0.831202 0.855313 0.885451 
1590 0.234629 0.274058 0.366409 0.448759 0.522689 0.576336 0.632246 0.67633 0.712664 0.740131 0.762958 0.779361 0.795006 0.811443 0.827656 0.850121 0.878634 
1605 0.234629 0.274058 0.366409 0.448759 0.522689 0.576336 0.632246 0.67633 0.712664 0.740125 0.762898 0.779107 0.794266 0.809813 0.824747 0.845705 0.872689 
1620 0.234629 0.274058 0.366409 0.448759 0.522689 0.576336 0.632246 0.67633 0.712664 0.740122 0.762863 0.778937 0.793725 0.808539 0.822356 0.841941 0.867489 
1635 0.234629 0.274058 0.366409 0.448759 0.522689 0.576336 0.632246 0.67633 0.712664 0.740121 0.762841 0.778823 0.79333 0.807543 0.820389 0.838726 0.862928 
1650 0.234629 0.274058 0.366409 0.448759 0.522689 0.576336 0.632246 0.67633 0.712664 0.74012 0.762828 0.778747 0.793041 0.806764 0.818769 0.835975 0.858919 
1665 0.234629 0.274058 0.366409 0.448759 0.522689 0.576336 0.632246 0.67633 0.712664 0.74012 0.762821 0.778696 0.79283 0.806156 0.817434 0.833619 0.855389 
1680 0.234629 0.274058 0.366409 0.448759 0.522689 0.576336 0.632246 0.67633 0.712664 0.74012 0.762816 0.778662 0.792675 0.805679 0.816334 0.831599 0.852274 
1695 0.234629 0.274058 0.366409 0.448759 0.522689 0.576336 0.632246 0.67633 0.712664 0.740119 0.762813 0.778639 0.792563 0.805307 0.815426 0.829865 0.849524 
1710 0.234629 0.274058 0.366409 0.448759 0.522689 0.576336 0.632246 0.67633 0.712664 0.740119 0.762811 0.778623 0.79248 0.805016 0.814677 0.828376 0.847092 
1725 0.234629 0.274058 0.366409 0.448759 0.522689 0.576336 0.632246 0.67633 0.712664 0.740119 0.762811 0.778613 0.79242 0.804787 0.81406 0.827098 0.84494 
1740 0.234629 0.274058 0.366409 0.448759 0.522689 0.576336 0.632246 0.67633 0.712664 0.740119 0.76281 0.778606 0.792376 0.804609 0.81355 0.825999 0.843034 
1755 0.234629 0.274058 0.366409 0.448759 0.522689 0.576336 0.632246 0.67633 0.712664 0.740119 0.76281 0.778602 0.792343 0.80447 0.81313 0.825054 0.841344 
1770 0.234629 0.274058 0.366409 0.448759 0.522689 0.576336 0.632246 0.67633 0.712664 0.740119 0.762809 0.778598 0.79232 0.804361 0.812783 0.824242 0.839847 
1785 0.234629 0.274058 0.366409 0.448759 0.522689 0.576336 0.632246 0.67633 0.712664 0.740119 0.762809 0.778596 0.792302 0.804275 0.812497 0.823544 0.838518 
1800 0.234629 0.274058 0.366409 0.448759 0.522689 0.576336 0.632246 0.67633 0.712664 0.740119 0.762809 0.778595 0.79229 0.804208 0.81226 0.822943 0.837339 
1815 0.234629 0.274058 0.366409 0.448759 0.522689 0.576336 0.632246 0.67633 0.712664 0.740119 0.762809 0.778594 0.792281 0.804156 0.812065 0.822427 0.836293 
1830 0.234629 0.274058 0.366409 0.448759 0.522689 0.576336 0.632246 0.67633 0.712664 0.740119 0.762809 0.778593 0.792274 0.804115 0.811904 0.821983 0.835364 
1845 0.234629 0.274058 0.366409 0.448759 0.522689 0.576336 0.632246 0.67633 0.712664 0.740119 0.762809 0.778593 0.792269 0.804083 0.811772 0.8216 0.834539 
1860 0.234629 0.274058 0.366409 0.448759 0.522689 0.576336 0.632246 0.67633 0.712664 0.740119 0.762809 0.778593 0.792266 0.804058 0.811662 0.821271 0.833806 
1875 0.234629 0.274058 0.366409 0.448759 0.522689 0.576336 0.632246 0.67633 0.712664 0.740119 0.762809 0.778592 0.792263 0.804038 0.811571 0.820989 0.833155 
1890 0.234629 0.274058 0.366409 0.448759 0.522689 0.576336 0.632246 0.67633 0.712664 0.740119 0.762809 0.778592 0.792261 0.804023 0.811497 0.820745 0.832577 
1905 0.234629 0.274058 0.366409 0.448759 0.522689 0.576336 0.632246 0.67633 0.712664 0.740119 0.762809 0.778592 0.79226 0.804011 0.811435 0.820536 0.832063 
1920 0.234629 0.274058 0.366409 0.448759 0.522689 0.576336 0.632246 0.67633 0.712664 0.740119 0.762809 0.778592 0.792259 0.804002 0.811384 0.820355 0.831607 
1935 0.234629 0.274058 0.366409 0.448759 0.522689 0.576336 0.632246 0.67633 0.712664 0.740119 0.762809 0.778592 0.792258 0.803995 0.811342 0.820201 0.831201 
1950 0.234629 0.274058 0.366409 0.448759 0.522689 0.576336 0.632246 0.67633 0.712664 0.740119 0.762809 0.778592 0.792257 0.803989 0.811307 0.820067 0.830841 
1965 0.234629 0.274058 0.366409 0.448759 0.522689 0.576336 0.632246 0.67633 0.712664 0.740119 0.762809 0.778592 0.792257 0.803984 0.811279 0.819952 0.830521 
1980 0.234629 0.274058 0.366409 0.448759 0.522689 0.576336 0.632246 0.67633 0.712664 0.740119 0.762809 0.778592 0.792257 0.803981 0.811255 0.819854 0.830236 
1995 0.234629 0.274058 0.366409 0.448759 0.522689 0.576336 0.632246 0.67633 0.712664 0.740119 0.762809 0.778592 0.792256 0.803978 0.811236 0.819769 0.829983 
2010 0.234629 0.274058 0.366409 0.448759 0.522689 0.576336 0.632246 0.67633 0.712664 0.740119 0.762809 0.778592 0.792256 0.803976 0.81122 0.819695 0.829758 
2025 0.234629 0.274058 0.366409 0.448759 0.522689 0.576336 0.632246 0.67633 0.712664 0.740119 0.762809 0.778592 0.792256 0.803974 0.811206 0.819633 0.829559 
2040 0.234629 0.274058 0.366409 0.448759 0.522689 0.576336 0.632246 0.67633 0.712664 0.740119 0.762809 0.778592 0.792256 0.803973 0.811196 0.819579 0.829381 
2055 0.234629 0.274058 0.366409 0.448759 0.522689 0.576336 0.632246 0.67633 0.712664 0.740119 0.762809 0.778592 0.792256 0.803972 0.811186 0.819532 0.829223 
2070 0.234629 0.274058 0.366409 0.448759 0.522689 0.576336 0.632246 0.67633 0.712664 0.740119 0.762809 0.778592 0.792256 0.803971 0.811179 0.819492 0.829083 
2085 0.234629 0.274058 0.366409 0.448759 0.522689 0.576336 0.632246 0.67633 0.712664 0.740119 0.762809 0.778592 0.792256 0.80397 0.811173 0.819457 0.828958 
2100 0.234629 0.274058 0.366409 0.448759 0.522689 0.576336 0.632246 0.67633 0.712664 0.740119 0.762809 0.778592 0.792256 0.80397 0.811168 0.819427 0.828848 
2115 0.234629 0.274058 0.366409 0.448759 0.522689 0.576336 0.632246 0.67633 0.712664 0.740119 0.762809 0.778592 0.792256 0.80397 0.811163 0.819402 0.828749 
2130 0.234629 0.274058 0.366409 0.448759 0.522689 0.576336 0.632246 0.67633 0.712664 0.740119 0.762809 0.778592 0.792256 0.803969 0.81116 0.81938 0.828662 
2145 0.234629 0.274058 0.366409 0.448759 0.522689 0.576336 0.632246 0.67633 0.712664 0.740119 0.762809 0.778592 0.792256 0.803969 0.811157 0.819361 0.828584 
2160 0.234629 0.274058 0.366409 0.448759 0.522689 0.576336 0.632246 0.67633 0.712664 0.740119 0.762809 0.778592 0.792256 0.803969 0.811155 0.819345 0.828515 
2175 0.234629 0.274058 0.366409 0.448759 0.522689 0.576336 0.632246 0.67633 0.712664 0.740119 0.762809 0.778592 0.792256 0.803968 0.811153 0.819331 0.828454 
2190 0.234629 0.274058 0.366409 0.448759 0.522689 0.576336 0.632246 0.67633 0.712664 0.740119 0.762809 0.778592 0.792256 0.803969 0.811151 0.819319 0.828399 
2205 0.234629 0.274058 0.366409 0.448759 0.522689 0.576336 0.632246 0.67633 0.712664 0.740119 0.762809 0.778592 0.792256 0.803968 0.81115 0.819309 0.82835 
2220 0.234629 0.274058 0.366409 0.448759 0.522689 0.576336 0.632246 0.67633 0.712664 0.740119 0.762809 0.778592 0.792256 0.803968 0.811149 0.8193 0.828307 
2235 0.234629 0.274058 0.366409 0.448759 0.522689 0.576336 0.632246 0.67633 0.712664 0.740119 0.762809 0.778592 0.792256 0.803968 0.811148 0.819292 0.828269 
2250 0.234629 0.274058 0.366409 0.448759 0.522689 0.576336 0.632246 0.67633 0.712664 0.740119 0.762809 0.778592 0.792256 0.803968 0.811147 0.819286 0.828235 
2265 0.234629 0.274058 0.366409 0.448759 0.522689 0.576336 0.632246 0.67633 0.712664 0.740119 0.762809 0.778592 0.792256 0.803968 0.811147 0.81928 0.828205 
2280 0.234629 0.274058 0.366409 0.448759 0.522689 0.576336 0.632246 0.67633 0.712664 0.740119 0.762809 0.778592 0.792256 0.803968 0.811146 0.819275 0.828178 
2295 0.234629 0.274058 0.366409 0.448759 0.522689 0.576336 0.632246 0.67633 0.712664 0.740119 0.762809 0.778592 0.792256 0.803968 0.811146 0.819271 0.828154 
2310 0.234629 0.274058 0.366409 0.448759 0.522689 0.576336 0.632246 0.67633 0.712664 0.740119 0.762809 0.778592 0.792256 0.803968 0.811145 0.819267 0.828133 
2325 0.234629 0.274058 0.366409 0.448759 0.522689 0.576336 0.632246 0.67633 0.712664 0.740119 0.762809 0.778592 0.792256 0.803968 0.811145 0.819264 0.828114 
2340 0.234629 0.274058 0.366409 0.448759 0.522689 0.576336 0.632246 0.67633 0.712664 0.740119 0.762809 0.778592 0.792256 0.803968 0.811145 0.819261 0.828097 
2355 0.234629 0.274058 0.366409 0.448759 0.522689 0.576336 0.632246 0.67633 0.712664 0.740119 0.762809 0.778592 0.792256 0.803968 0.811145 0.819259 0.828082 
2370 0.234629 0.274058 0.366409 0.448759 0.522689 0.576336 0.632246 0.67633 0.712664 0.740119 0.762809 0.778592 0.792256 0.803968 0.811144 0.819257 0.828068 
2385 0.234629 0.274058 0.366409 0.448759 0.522689 0.576336 0.632246 0.67633 0.712664 0.740119 0.762809 0.778592 0.792256 0.803968 0.811144 0.819255 0.828057 
2400 0.234629 0.274058 0.366409 0.448759 0.522689 0.576336 0.632246 0.67633 0.712664 0.740119 0.762809 0.778592 0.792256 0.803968 0.811144 0.819254 0.828046 
2415 0.234629 0.274058 0.366409 0.448759 0.522689 0.576336 0.632246 0.67633 0.712664 0.740119 0.762809 0.778592 0.792256 0.803968 0.811144 0.819253 0.828037 
2430 0.234629 0.274058 0.366409 0.448759 0.522689 0.576336 0.632246 0.67633 0.712664 0.740119 0.762809 0.778592 0.792256 0.803968 0.811144 0.819252 0.828029 
2445 0.234629 0.274058 0.366409 0.448759 0.522689 0.576336 0.632246 0.67633 0.712664 0.740119 0.762809 0.778592 0.792256 0.803968 0.811144 0.81925 0.828021 
2460 0.234629 0.274058 0.366409 0.448759 0.522689 0.576336 0.632246 0.67633 0.712664 0.740119 0.762809 0.778592 0.792256 0.803968 0.811144 0.81925 0.828015 
2475 0.234629 0.274058 0.366409 0.448759 0.522689 0.576336 0.632246 0.67633 0.712664 0.740119 0.762809 0.778592 0.792256 0.803968 0.811144 0.819249 0.828009 
2490 0.234629 0.274058 0.366409 0.448759 0.522689 0.576336 0.632246 0.67633 0.712664 0.740119 0.762809 0.778592 0.792256 0.803968 0.811144 0.819248 0.828004 
2505 0.234629 0.274058 0.366409 0.448759 0.522689 0.576336 0.632246 0.67633 0.712664 0.740119 0.762809 0.778592 0.792256 0.803968 0.811144 0.819248 0.827999 
2520 0.234629 0.274058 0.366409 0.448759 0.522689 0.576336 0.632246 0.67633 0.712664 0.740119 0.762809 0.778592 0.792256 0.803968 0.811144 0.819247 0.827995 
2535 0.234629 0.274058 0.366409 0.448759 0.522689 0.576336 0.632246 0.67633 0.712664 0.740119 0.762809 0.778592 0.792256 0.803968 0.811144 0.819247 0.827991 
2550 0.234629 0.274058 0.366409 0.448759 0.522689 0.576336 0.632246 0.67633 0.712664 0.740119 0.762809 0.778592 0.792256 0.803968 0.811144 0.819247 0.827988 
2565 0.234629 0.274058 0.366409 0.448759 0.522689 0.576336 0.632246 0.67633 0.712664 0.740119 0.762809 0.778592 0.792256 0.803968 0.811144 0.819246 0.827986 
2580 0.234629 0.274058 0.366409 0.448759 0.522689 0.576336 0.632246 0.67633 0.712664 0.740119 0.762809 0.778592 0.792256 0.803968 0.811144 0.819246 0.827983 
2595 0.234629 0.274058 0.366409 0.448759 0.522689 0.576336 0.632246 0.67633 0.712664 0.740119 0.762809 0.778592 0.792256 0.803968 0.811144 0.819246 0.827981 
2610 0.234629 0.274058 0.366409 0.448759 0.522689 0.576336 0.632246 0.67633 0.712664 0.740119 0.762809 0.778592 0.792256 0.803968 0.811144 0.819246 0.827979 
2625 0.234629 0.274058 0.366409 0.448759 0.522689 0.576336 0.632246 0.67633 0.712664 0.740119 0.762809 0.778592 0.792256 0.803968 0.811144 0.819246 0.827977 
2640 0.234629 0.274058 0.366409 0.448759 0.522689 0.576336 0.632246 0.67633 0.712664 0.740119 0.762809 0.778592 0.792256 0.803968 0.811144 0.819246 0.827975 
2655 0.234629 0.274058 0.366409 0.448759 0.522689 0.576336 0.632246 0.67633 0.712664 0.740119 0.762809 0.778592 0.792256 0.803968 0.811144 0.819246 0.827974 
2670 0.234629 0.274058 0.366409 0.448759 0.522689 0.576336 0.632246 0.67633 0.712664 0.740119 0.762809 0.778592 0.792256 0.803968 0.811144 0.819245 0.827972 
2685 0.234629 0.274058 0.366409 0.448759 0.522689 0.576336 0.632246 0.67633 0.712664 0.740119 0.762809 0.778592 0.792256 0.803968 0.811144 0.819245 0.827971 
2700 0.234629 0.274058 0.366409 0.448759 0.522689 0.576336 0.632246 0.67633 0.712664 0.740119 0.762809 0.778592 0.792256 0.803968 0.811144 0.819245 0.82797 
2715 0.234629 0.274058 0.366409 0.448759 0.522689 0.576336 0.632246 0.67633 0.712664 0.740119 0.762809 0.778592 0.792256 0.803968 0.811144 0.819245 0.82797 
2730 0.234629 0.274058 0.366409 0.448759 0.522689 0.576336 0.632246 0.67633 0.712664 0.740119 0.762809 0.778592 0.792256 0.803968 0.811144 0.819245 0.827969 
2745 0.234629 0.274058 0.366409 0.448759 0.522689 0.576336 0.632246 0.67633 0.712664 0.740119 0.762809 0.778592 0.792256 0.803968 0.811144 0.819245 0.827968 
2760 0.234629 0.274058 0.366409 0.448759 0.522689 0.576336 0.632246 0.67633 0.712664 0.740119 0.762809 0.778592 0.792256 0.803968 0.811144 0.819245 0.827968 
2775 0.234629 0.274058 0.366409 0.448759 0.522689 0.576336 0.632246 0.67633 0.712664 0.740119 0.762809 0.778592 0.792256 0.803968 0.811144 0.819245 0.827967 
2790 0.234629 0.274058 0.366409 0.448759 0.522689 0.576336 0.632246 0.67633 0.712664 0.740119 0.762809 0.778592 0.792256 0.803968 0.811144 0.819245 0.827967 
2805 0.234629 0.274058 0.366409 0.448759 0.522689 0.576336 0.632246 0.67633 0.712664 0.740119 0.762809 0.778592 0.792256 0.803968 0.811144 0.819245 0.827966 
2820 0.234629 0.274058 0.366409 0.448759 0.522689 0.576336 0.632246 0.67633 0.712664 0.740119 0.762809 0.778592 0.792256 0.803968 0.811144 0.819245 0.827966 
2835 0.234629 0.274058 0.366409 0.448759 0.522689 0.576336 0.632246 0.67633 0.712664 0.740119 0.762809 0.778592 0.792256 0.803968 0.811144 0.819245 0.827965 
2850 0.234629 0.274058 0.366409 0.448759 0.522689 0.576336 0.632246 0.67633 0.712664 0.740119 0.762809 0.778592 0.792256 0.803968 0.811144 0.819245 0.827965 
2865 0.234629 0.274058 0.366409 0.448759 0.522689 0.576336 0.632246 0.67633 0.712664 0.740119 0.762809 0.778592 0.792256 0.803968 0.811144 0.819245 0.827965 
2880 0.234629 0.274058 0.366409 0.448759 0.522689 0.576336 0.632246 0.67633 0.712664 0.740119 0.762809 0.778592 0.792256 0.803968 0.811144 0.819245 0.827964 
2895 0.234629 0.274058 0.366409 0.448759 0.522689 0.576336 0.632246 0.67633 0.712664 0.740119 0.762809 0.778592 0.792256 0.803968 0.811144 0.819245 0.827964 
2910 0.234629 0.274058 0.366409 0.448759 0.522689 0.576336 0.632246 0.67633 0.712664 0.740119 0.762809 0.778592 0.792256 0.803968 0.811144 0.819245 0.827964 
2925 0.234629 0.274058 0.366409 0.448759 0.522689 0.576336 0.632246 0.67633 0.712664 0.740119 0.762809 0.778592 0.792256 0.803968 0.811144 0.819245 0.827964 
2940 0.234629 0.274058 0.366409 0.448759 0.522689 0.576336 0.632246 0.67633 0.712664 0.740119 0.762809 0.778592 0.792256 0.803968 0.811144 0.819245 0.827964 
2955 0.234629 0.274058 0.366409 0.448759 0.522689 0.576336 0.632246 0.67633 0.712664 0.740119 0.762809 0.778592 0.792256 0.803968 0.811144 0.819245 0.827964 
2970 0.234629 0.274058 0.366409 0.448759 0.522689 0.576336 0.632246 0.67633 0.712664 0.740119 0.762809 0.778592 0.792256 0.803968 0.811144 0.819245 0.827963 
2985 0.234629 0.274058 0.366409 0.448759 0.522689 0.576336 0.632246 0.67633 0.712664 0.740119 0.762809 0.778592 0.792256 0.803968 0.811144 0.819245 0.827963 
3000 0.234629 0.274058 0.366409 0.448759 0.522689 0.576336 0.632246 0.67633 0.712664 0.740119 0.762809 0.778592 0.792256 0.803968 0.811144 0.819245 0.827963 
3015 0.0222987 0.0649312 0.188279 0.338439 0.490321 0.627106 0.757915 0.863622 0.9507 1.01818 1.06976 1.1055 1.13572 1.16119 1.1782 1.19527 1.21216 
3030 0 0.0286841 0.114613 0.226101 0.354652 0.491327 0.6339 0.756648 0.862858 0.949048 1.01464 1.06069 1.09956 1.13232 1.1552 1.17701 1.19766 
3045 0 0.0200748 0.0923095 0.181789 0.286621 0.408615 0.547363 0.673865 0.789562 0.888214 0.964547 1.0191 1.06547 1.10476 1.13301 1.15926 1.18349 
3060 0 0.0174023 0.0833145 0.161333 0.250155 0.35692 0.486349 0.609545 0.728304 0.834648 0.91901 0.980512 1.03332 1.07845 1.11162 1.14201 1.16963 
3075 0 0.0165293 0.0791522 0.150567 0.229161 0.323596 0.442761 0.559317 0.677007 0.787441 0.877596 0.94469 1.003 1.05333 1.09099 1.12524 1.15607 
3090 0 0.0162418 0.0771241 0.144373 0.216245 0.301388 0.411144 0.519857 0.633952 0.745801 0.839915 0.91143 0.974405 1.02934 1.07109 1.10895 1.14282 
3105 0 0.016147 0.0761183 0.140615 0.207845 0.28609 0.387829 0.488645 0.59772 0.709033 0.805613 0.88054 0.947424 1.00643 1.0519 1.09311 1.12986 
3120 0 0.0161157 0.0756168 0.138271 0.202143 0.275217 0.37034 0.463771 0.567143 0.676531 0.774371 0.851844 0.921966 0.984544 1.03339 1.07772 1.11719 
3135 0 0 0.0570901 0.132803 0.207498 0.290617 0.395862 0.497084 0.609871 0.732463 0.844994 0.935768 1.019 1.0941 1.15343 1.20738 1.25538 
3150 0 0 0.0426476 0.117147 0.19107 0.27306 0.375441 0.471945 0.579741 0.699648 0.812511 0.90521 0.991323 1.06989 1.13264 1.18988 1.24084 
3165 0 0 0.0354263 0.107103 0.17895 0.25911 0.358703 0.450859 0.553672 0.670292 0.782726 0.876699 0.965129 1.04671 1.11256 1.17286 1.22661 
3180 0 0 0.0318156 0.100658 0.169994 0.247948 0.344846 0.43303 0.531022 0.643983 0.755392 0.850087 0.940337 1.02453 1.09317 1.1563 1.21269 
3195 0 0 0.0300103 0.096522 0.163369 0.238972 0.333275 0.417844 0.511263 0.620362 0.730284 0.825234 0.916866 1.0033 1.07443 1.14019 1.19907 
3210 0 0 0.0291077 0.0938682 0.158464 0.231729 0.323547 0.404818 0.493953 0.599114 0.707201 0.802013 0.894637 0.982967 1.05633 1.12451 1.18573 
3225 0 0 0.0286563 0.0921652 0.154831 0.225868 0.31532 0.393574 0.478728 0.579963 0.685958 0.780305 0.873581 0.963502 1.03884 1.10925 1.17268 
3240 0 0 0.0284307 0.0910724 0.152141 0.221117 0.308331 0.383813 0.465282 0.562667 0.666389 0.760001 0.853629 0.94486 1.02194 1.0944 1.15991 
3255 0 0 0 0.0783874 0.15336 0.236396 0.338795 0.42626 0.518987 0.629207 0.747706 0.855796 0.964968 1.07236 1.16382 1.25025 1.32865 
3270 0 0 0 0.0609707 0.136369 0.220265 0.322878 0.409844 0.50081 0.608364 0.724993 0.832441 0.942 1.05078 1.14414 1.23284 1.3136 
3285 0 0 0 0.0497942 0.123778 0.207133 0.309155 0.395223 0.484364 0.589249 0.703879 0.810471 0.920156 1.03007 1.12508 1.21588 1.29885 
3300 0 0 0 0.0426221 0.114448 0.196443 0.297313 0.382174 0.469445 0.571687 0.684227 0.789789 0.899373 1.01018 1.10664 1.19936 1.2844 
3315 0 0 0 0.0380197 0.107535 0.187739 0.287089 0.370506 0.455877 0.555521 0.665918 0.770306 0.879592 0.991072 1.08879 1.18326 1.27025 
3330 0 0 0 0.0350662 0.102412 0.180652 0.278257 0.360057 0.443511 0.540612 0.64884 0.751942 0.860758 0.97272 1.07151 1.16757 1.25638 
3345 0 0 0 0.0331709 0.0986156 0.174882 0.270626 0.350689 0.432216 0.526839 0.632892 0.73462 0.842818 0.955085 1.05477 1.15227 1.2428 
3360 0 0 0 0.0319548 0.0958026 0.170183 0.26403 0.34228 0.42188 0.514094 0.617984 0.71827 0.825724 0.938137 1.03856 1.13737 1.2295 
3375 0 0 0 0 0.0761422 0.16974 0.284119 0.378799 0.473885 0.582294 0.703872 0.821668 0.948842 1.08321 1.20423 1.32424 1.43677 
3390 0 0 0 0 0.052071 0.145818 0.2602 0.35479 0.449403 0.556263 0.675777 0.791956 0.91827 1.05301 1.17529 1.29752 1.41279 
3405 0 0 0 0 0.0367164 0.128238 0.240955 0.334235 0.427642 0.532674 0.650023 0.764436 0.889641 1.02442 1.14763 1.27175 1.38949 
3420 0 0 0 0 0.0269222 0.11532 0.225468 0.316628 0.408268 0.511248 0.626364 0.738908 0.862808 0.997354 1.12119 1.24691 1.36688 
3435 0 0 0 0 0.0206746 0.105826 0.213005 0.301542 0.390995 0.491743 0.604589 0.715194 0.837635 0.971708 1.09589 1.22295 1.34491 
3450 0 0 0 0 0.0166894 0.0988498 0.202976 0.28861 0.37558 0.473954 0.58451 0.693134 0.813996 0.947396 1.07169 1.19984 1.32357 
3465 0 0 0 0 0.0141474 0.0937231 0.194906 0.277523 0.361808 0.4577 0.565961 0.672583 0.791777 0.924335 1.04853 1.17755 1.30285 
3480 0 0 0 0 0.0125259 0.0899557 0.188411 0.268017 0.349495 0.442827 0.548798 0.653413 0.770873 0.902447 1.02636 1.15603 1.28271 
3495 0 0 0 0 0.0114915 0.0871871 0.183183 0.259864 0.338479 0.429197 0.53289 0.635506 0.751188 0.88166 1.00512 1.13527 1.26315 
3510 0 0 0 0 0.0108318 0.0851526 0.178977 0.252871 0.328618 0.416691 0.518125 0.618758 0.732635 0.861908 0.984774 1.11523 1.24413 
3525 0 0 0 0 0.0104109 0.0836575 0.175591 0.246874 0.319787 0.405203 0.504402 0.603076 0.715131 0.843128 0.965273 1.09587 1.22566 
3540 0 0 0 0 0.0101424 0.0825588 0.172867 0.241729 0.311874 0.394639 0.49163 0.588372 0.698603 0.82526 0.946577 1.07718 1.2077 
3555 0 0 0 0 0 0.0516057 0.170681 0.260115 0.34846 0.450778 0.569582 0.687446 0.821582 0.976406 1.12529 1.28698 1.44982 
3570 0 0 0 0 0 0.0215926 0.141166 0.230811 0.318463 0.419556 0.536933 0.653123 0.785322 0.938586 1.08646 1.24842 1.41277 
3585 0 0 0 0 0 0.00363188 0.120615 0.20811 0.293422 0.392177 0.507576 0.621854 0.751958 0.903453 1.05003 1.21189 1.37734 
3600 0 0 0 0 0 0 0.106305 0.190524 0.272516 0.368146 0.481136 0.593308 0.721199 0.870767 1.01582 1.17724 1.34344 
3615 0 0 0 0 0 0 0.0963402 0.1769 0.25506 0.347042 0.45729 0.567201 0.692792 0.840315 0.98365 1.14437 1.311 
3630 0 0 0 0 0 0 0.0894019 0.166347 0.240484 0.328498 0.435756 0.543285 0.666512 0.811903 0.953381 1.11317 1.27993 
3645 0 0 0 0 0 0 0.0845706 0.158171 0.228311 0.312197 0.416292 0.521343 0.642161 0.78536 0.92487 1.08353 1.25018 
3660 0 0 0 0 0 0 0.0812065 0.151838 0.218145 0.297862 0.398682 0.501184 0.619563 0.760528 0.897988 1.05535 1.22166 
3675 0 0 0 0 0 0 0.0788641 0.146931 0.209655 0.285253 0.382736 0.482642 0.598563 0.737269 0.872619 1.02855 1.19434 
3690 0 0 0 0 0 0 0.077233 0.14313 0.202564 0.27416 0.36829 0.465568 0.579022 0.715457 0.848656 1.00305 1.16813 
3705 0 0 0 0 0 0 0.0760973 0.140186 0.196641 0.264399 0.355193 0.449831 0.560818 0.694976 0.825999 0.978765 1.14299 
3720 0 0 0 0 0 0 0.0753065 0.137905 0.191695 0.255808 0.343315 0.435313 0.54384 0.675726 0.804559 0.955623 1.11887 
3735 0 0 0 0 0 0 0.0747558 0.136138 0.187564 0.248247 0.332537 0.421911 0.527988 0.657612 0.784252 0.933559 1.09571 
3750 0 0 0 0 0 0 0.0743724 0.134769 0.184113 0.241592 0.322755 0.40953 0.513175 0.64055 0.765002 0.912509 1.07348 
3765 0 0 0 0 0 0 0.0741054 0.133708 0.181231 0.235732 0.313874 0.398085 0.49932 0.624464 0.746738 0.892414 1.05211 
3780 0 0 0 0 0 0 0.0739195 0.132887 0.178824 0.230574 0.305809 0.3875 0.486351 0.609285 0.729398 0.87322 1.03158 
3795 0 0 0 0 0 0 0.07379 0.13225 0.176813 0.226033 0.298483 0.377706 0.474202 0.594949 0.71292 0.854876 1.01183 
3810 0 0 0 0 0 0 0.0736999 0.131757 0.175134 0.222035 0.291827 0.368639 0.462814 0.581397 0.69725 0.837333 0.992843 
3825 0 0 0 0 0 0 0.0736371 0.131375 0.173732 0.218515 0.28578 0.360244 0.452133 0.568579 0.682338 0.820548 0.97457 
3840 0 0 0 0 0 0 0.0735934 0.131079 0.17256 0.215415 0.280284 0.352467 0.442108 0.556445 0.668137 0.804477 0.956982 
